"fips","in_mig","out_mig","net_mig","year"
"01001",9911,7627,2284,2000
"01003",31241,16131,15110,2000
"01005",4602,4440,162,2000
"01007",3766,2639,1127,2000
"01009",9474,6236,3238,2000
"01011",2278,1819,459,2000
"01013",2075,2519,-444,2000
"01015",15438,20623,-5185,2000
"01017",3999,5070,-1071,2000
"01019",4268,2955,1313,2000
"01021",6195,3663,2532,2000
"01023",1373,1911,-538,2000
"01025",2494,4022,-1528,2000
"01027",1832,1675,157,2000
"01029",1967,1929,38,2000
"01031",9060,8810,250,2000
"01033",7135,7551,-416,2000
"01035",1483,2070,-587,2000
"01037",2357,2125,232,2000
"01039",4715,4629,86,2000
"01041",1925,1550,375,2000
"01043",10938,8374,2564,2000
"01045",11840,13694,-1854,2000
"01047",3557,6531,-2974,2000
"01049",9183,7762,1421,2000
"01051",17734,8932,8802,2000
"01053",5716,5623,93,2000
"01055",12249,12754,-505,2000
"01057",2295,2652,-357,2000
"01059",4126,4470,-344,2000
"01061",3711,4092,-381,2000
"01063",1016,1444,-428,2000
"01065",2213,1794,419,2000
"01067",2678,3065,-387,2000
"01069",14225,14978,-753,2000
"01071",7290,6582,708,2000
"01073",77674,99591,-21917,2000
"01075",1673,2241,-568,2000
"01077",12022,11403,619,2000
"01079",4372,3922,450,2000
"01081",36380,27055,9325,2000
"01083",10934,8291,2643,2000
"01085",1520,1688,-168,2000
"01087",4153,5093,-940,2000
"01089",49740,44143,5597,2000
"01091",2421,3204,-783,2000
"01093",4348,4546,-198,2000
"01095",12455,11823,632,2000
"01097",39697,52388,-12691,2000
"01099",2283,4315,-2032,2000
"01101",38634,42008,-3374,2000
"01103",16103,16386,-283,2000
"01105",1532,1693,-161,2000
"01107",2147,3377,-1230,2000
"01109",4798,6027,-1229,2000
"01111",2756,2581,175,2000
"01113",9406,9581,-175,2000
"01115",13484,8703,4781,2000
"01117",42761,22806,19955,2000
"01119",1873,2772,-899,2000
"01121",12917,10417,2500,2000
"01123",5169,6076,-907,2000
"01125",30262,26623,3639,2000
"01127",7512,7323,189,2000
"01129",1804,2131,-327,2000
"01131",1199,1552,-353,2000
"01133",3663,3728,-65,2000
"02013",830,355,475,2000
"02016",1982,2026,-44,2000
"02020",56190,71222,-15032,2000
"02050",1689,2520,-831,2000
"02060",311,474,-163,2000
"02068",575,907,-332,2000
"02070",733,863,-130,2000
"02090",23995,29793,-5798,2000
"02100",592,657,-65,2000
"02110",6373,7690,-1317,2000
"02122",9688,10548,-860,2000
"02130",2838,4320,-1482,2000
"02150",3605,6095,-2490,2000
"02164",253,570,-317,2000
"02170",15264,10533,4731,2000
"02180",1073,1866,-793,2000
"02185",1156,1465,-309,2000
"02188",877,1231,-354,2000
"02201",1022,2089,-1067,2000
"02220",2470,2426,44,2000
"02232",742,1337,-595,2000
"02240",1473,2285,-812,2000
"02261",2395,3716,-1321,2000
"02270",454,808,-354,2000
"02280",1017,1847,-830,2000
"02282",200,299,-99,2000
"02290",1086,1439,-353,2000
"04001",9066,11478,-2412,2000
"04003",29103,29926,-823,2000
"04005",31446,32840,-1394,2000
"04007",12581,9827,2754,2000
"04009",6551,5240,1311,2000
"04011",1658,2628,-970,2000
"04012",5028,4214,814,2000
"04013",558779,341875,216904,2000
"04015",45374,29418,15956,2000
"04017",16255,16782,-527,2000
"04019",154174,122190,31984,2000
"04021",52279,24024,28255,2000
"04023",4088,6223,-2135,2000
"04025",51631,28969,22662,2000
"04027",31477,27708,3769,2000
"05001",2533,3393,-860,2000
"05003",2582,4056,-1474,2000
"05005",9297,6260,3037,2000
"05007",40468,24142,16326,2000
"05009",7332,6258,1074,2000
"05011",2006,2141,-135,2000
"05013",953,1140,-187,2000
"05015",5454,4196,1258,2000
"05017",1943,2812,-869,2000
"05019",5473,5734,-261,2000
"05021",2284,2930,-646,2000
"05023",5894,3769,2125,2000
"05025",1378,1187,191,2000
"05027",3566,4522,-956,2000
"05029",3538,3700,-162,2000
"05031",16994,14038,2956,2000
"05033",11025,7721,3304,2000
"05035",8270,8113,157,2000
"05037",2888,2574,314,2000
"05039",1569,1878,-309,2000
"05041",1636,3975,-2339,2000
"05043",3708,4931,-1223,2000
"05045",23643,14686,8957,2000
"05047",3166,2899,267,2000
"05049",2710,2280,430,2000
"05051",18895,13475,5420,2000
"05053",3493,2367,1126,2000
"05055",6401,4288,2113,2000
"05057",3685,4113,-428,2000
"05059",5836,4566,1270,2000
"05061",2237,2371,-134,2000
"05063",5368,6430,-1062,2000
"05065",3076,2313,763,2000
"05067",2082,2748,-666,2000
"05069",10283,13707,-3424,2000
"05071",4657,3075,1582,2000
"05073",1034,1475,-441,2000
"05075",2933,3248,-315,2000
"05077",2687,2042,645,2000
"05079",4270,2141,2129,2000
"05081",2239,4468,-2229,2000
"05083",3839,3081,758,2000
"05085",13933,9449,4484,2000
"05087",2970,2372,598,2000
"05089",4283,2698,1585,2000
"05091",7783,7263,520,2000
"05093",5802,9361,-3559,2000
"05095",1384,2742,-1358,2000
"05097",1775,1645,130,2000
"05099",1628,1842,-214,2000
"05101",1933,1415,518,2000
"05103",3241,5488,-2247,2000
"05105",2210,1436,774,2000
"05107",2649,5743,-3094,2000
"05109",2085,1743,342,2000
"05111",3376,4467,-1091,2000
"05113",3274,3611,-337,2000
"05115",11002,10360,642,2000
"05117",1493,1654,-161,2000
"05119",59545,70616,-11071,2000
"05121",2762,2936,-174,2000
"05123",4603,5020,-417,2000
"05125",19830,12575,7255,2000
"05127",1884,2065,-181,2000
"05129",1411,1596,-185,2000
"05131",22203,20520,1683,2000
"05133",2328,3927,-1599,2000
"05135",4532,3673,859,2000
"05137",1984,2088,-104,2000
"05139",5140,6855,-1715,2000
"05141",3617,3182,435,2000
"05143",38036,31881,6155,2000
"05145",15403,10102,5301,2000
"05147",1138,1390,-252,2000
"05149",4373,3861,512,2000
"06001",244327,260862,-16535,2000
"06003",350,884,-534,2000
"06005",9753,5626,4127,2000
"06007",42454,37246,5208,2000
"06009",11141,8135,3006,2000
"06011",2525,2877,-352,2000
"06013",169081,155600,13481,2000
"06015",8259,5671,2588,2000
"06017",36825,34227,2598,2000
"06019",74513,106791,-32278,2000
"06021",3606,4976,-1370,2000
"06023",22355,34250,-11895,2000
"06025",20402,22585,-2183,2000
"06027",3454,4988,-1534,2000
"06029",86452,104800,-18348,2000
"06031",32618,22951,9667,2000
"06033",13444,10736,2708,2000
"06035",11622,7858,3764,2000
"06037",616948,1184219,-567271,2000
"06039",21360,20816,544,2000
"06041",44943,47583,-2640,2000
"06043",4543,4772,-229,2000
"06045",12728,14759,-2031,2000
"06047",31559,33475,-1916,2000
"06049",1804,4542,-2738,2000
"06051",3792,4645,-853,2000
"06053",61463,59000,2463,2000
"06055",21070,21457,-387,2000
"06057",22019,18961,3058,2000
"06059",363701,423387,-59686,2000
"06061",73602,42444,31158,2000
"06063",5196,5515,-319,2000
"06065",309017,228163,80854,2000
"06067",190798,180957,9841,2000
"06069",12264,10817,1447,2000
"06071",301255,303955,-2700,2000
"06073",424318,430426,-6108,2000
"06075",145095,203292,-58197,2000
"06077",86591,77852,8739,2000
"06079",59895,44507,15388,2000
"06081",111679,143637,-31958,2000
"06083",68583,81132,-12549,2000
"06085",201139,306227,-105088,2000
"06087",43945,66345,-22400,2000
"06089",28953,29190,-237,2000
"06091",839,972,-133,2000
"06093",8515,10152,-1637,2000
"06095",80234,70992,9242,2000
"06097",69734,61922,7812,2000
"06099",63405,61801,1604,2000
"06101",14124,17153,-3029,2000
"06103",11830,10108,1722,2000
"06105",2738,5037,-2299,2000
"06107",34413,51250,-16837,2000
"06109",15037,10037,5000,2000
"06111",113985,115133,-1148,2000
"06113",46205,38378,7827,2000
"06115",14451,16414,-1963,2000
"08001",101424,66050,35374,2000
"08003",3686,3992,-306,2000
"08005",145632,123257,22375,2000
"08007",3477,2134,1343,2000
"08009",742,762,-20,2000
"08011",2102,1196,906,2000
"08013",84925,78184,6741,2000
"08015",4592,3588,1004,2000
"08017",402,749,-347,2000
"08019",2923,4131,-1208,2000
"08021",1107,1352,-245,2000
"08023",763,927,-164,2000
"08025",2482,901,1581,2000
"08027",1321,635,686,2000
"08029",6830,6222,608,2000
"08031",136559,183431,-46872,2000
"08033",514,447,67,2000
"08035",81832,28896,52936,2000
"08037",12580,10548,2032,2000
"08039",8501,4708,3793,2000
"08041",135935,131603,4332,2000
"08043",17009,9062,7947,2000
"08045",11921,9948,1973,2000
"08047",2225,932,1293,2000
"08049",4159,3321,838,2000
"08051",4839,4739,100,2000
"08053",238,173,65,2000
"08055",2265,1393,872,2000
"08057",355,586,-231,2000
"08059",129757,121381,8376,2000
"08061",258,522,-264,2000
"08063",1719,1354,365,2000
"08065",1994,1970,24,2000
"08067",12977,10654,2323,2000
"08069",71912,52758,19154,2000
"08071",2981,2083,898,2000
"08073",2272,1678,594,2000
"08075",4606,4061,545,2000
"08077",27145,17993,9152,2000
"08079",278,284,-6,2000
"08081",3474,3402,72,2000
"08083",4827,5030,-203,2000
"08085",8885,6562,2323,2000
"08087",4896,5777,-881,2000
"08089",3037,4252,-1215,2000
"08091",1387,867,520,2000
"08093",6537,4142,2395,2000
"08095",931,1090,-159,2000
"08097",3952,6176,-2224,2000
"08099",2528,2562,-34,2000
"08101",22894,16926,5968,2000
"08103",1456,1683,-227,2000
"08105",2491,2609,-118,2000
"08107",6095,5492,603,2000
"08109",1571,1275,296,2000
"08111",168,238,-70,2000
"08113",2424,2122,302,2000
"08115",564,678,-114,2000
"08117",9355,8599,756,2000
"08119",8265,6198,2067,2000
"08121",913,1644,-731,2000
"08123",47254,32598,14656,2000
"08125",1824,1807,17,2000
"09001",103506,133731,-30225,2000
"09003",87411,110124,-22713,2000
"09005",26604,27676,-1072,2000
"09007",29961,27225,2736,2000
"09009",89885,105645,-15760,2000
"09011",43813,47285,-3472,2000
"09013",31356,25232,6124,2000
"09015",16365,16593,-228,2000
"10001",21141,22079,-938,2000
"10003",69576,62964,6612,2000
"10005",27635,15926,11709,2000
"11001",113029,158360,-45331,2000
"12001",68967,58447,10520,2000
"12003",4964,3681,1283,2000
"12005",30799,35308,-4509,2000
"12007",6517,3919,2598,2000
"12009",94529,71396,23133,2000
"12011",297859,231919,65940,2000
"12013",1922,1899,23,2000
"12015",39989,20710,19279,2000
"12017",32193,16905,15288,2000
"12019",42263,26215,16048,2000
"12021",63964,31864,32100,2000
"12023",13752,8768,4984,2000
"12027",6990,5040,1950,2000
"12029",3346,2424,922,2000
"12031",135697,142493,-6796,2000
"12033",67022,58642,8380,2000
"12035",16641,5975,10666,2000
"12037",2334,1315,1019,2000
"12039",6577,7315,-738,2000
"12041",4065,2453,1612,2000
"12043",3332,1530,1802,2000
"12045",3091,2175,916,2000
"12047",2748,1688,1060,2000
"12049",4159,5053,-894,2000
"12051",6034,7692,-1658,2000
"12053",33800,21899,11901,2000
"12055",19596,14249,5347,2000
"12057",185977,169059,16918,2000
"12059",4228,3277,951,2000
"12061",27408,15731,11677,2000
"12063",8704,7787,917,2000
"12065",2772,2268,504,2000
"12067",1863,1350,513,2000
"12069",61108,31862,29246,2000
"12071",103704,57706,45998,2000
"12073",69293,57530,11763,2000
"12075",9379,5799,3580,2000
"12077",1580,693,887,2000
"12079",2828,2771,57,2000
"12081",64652,36239,28413,2000
"12083",63226,36976,26250,2000
"12085",35138,22804,12334,2000
"12086",148878,308592,-159714,2000
"12087",20064,24874,-4810,2000
"12089",13780,9243,4537,2000
"12091",43703,43365,338,2000
"12093",6796,6646,150,2000
"12095",212989,184521,28468,2000
"12097",47406,30505,16901,2000
"12099",215973,154972,61001,2000
"12101",89422,49072,40350,2000
"12103",170113,135907,34206,2000
"12105",86433,65684,20749,2000
"12107",12683,10557,2126,2000
"12109",39956,24485,15471,2000
"12111",42843,30281,12562,2000
"12113",33894,20928,12966,2000
"12115",74554,51581,22973,2000
"12117",102230,75619,26611,2000
"12119",21978,6018,15960,2000
"12121",8102,4988,3114,2000
"12123",3340,2673,667,2000
"12125",3845,1868,1977,2000
"12127",96125,66559,29566,2000
"12129",6392,3450,2942,2000
"12131",11007,6809,4198,2000
"12133",5206,3676,1530,2000
"13001",2060,2404,-344,2000
"13003",1005,1113,-108,2000
"13005",1505,1269,236,2000
"13007",586,648,-62,2000
"13009",10242,6508,3734,2000
"13011",3376,1979,1397,2000
"13013",13945,7517,6428,2000
"13015",17536,9490,8046,2000
"13017",2155,2932,-777,2000
"13019",2956,2638,318,2000
"13021",23365,30477,-7112,2000
"13023",1785,1419,366,2000
"13025",2662,1923,739,2000
"13027",3284,2524,760,2000
"13029",8061,5356,2705,2000
"13031",17485,12728,4757,2000
"13033",2940,4619,-1679,2000
"13035",6263,2900,3363,2000
"13037",1345,1313,32,2000
"13039",15917,12251,3666,2000
"13043",1462,1419,43,2000
"13045",19078,12546,6532,2000
"13047",13530,8142,5388,2000
"13049",2332,1946,386,2000
"13051",42855,50830,-7975,2000
"13053",9699,15348,-5649,2000
"13055",3626,2646,980,2000
"13057",45737,24557,21180,2000
"13059",38791,32808,5983,2000
"13061",542,752,-210,2000
"13063",74289,64517,9772,2000
"13065",935,1458,-523,2000
"13067",174480,140223,34257,2000
"13069",6145,4621,1524,2000
"13071",6607,4774,1833,2000
"13073",24385,18802,5583,2000
"13075",2677,2378,299,2000
"13077",24774,13079,11695,2000
"13079",3036,1468,1568,2000
"13081",2803,3416,-613,2000
"13083",3502,2215,1287,2000
"13085",5662,2637,3025,2000
"13087",4329,4526,-197,2000
"13089",173043,175592,-2549,2000
"13091",2933,2207,726,2000
"13093",2263,1699,564,2000
"13095",14774,21297,-6523,2000
"13097",24430,19972,4458,2000
"13099",1612,2307,-695,2000
"13101",976,312,664,2000
"13103",10121,4522,5599,2000
"13105",2697,2841,-144,2000
"13107",2386,3178,-792,2000
"13109",2505,1645,860,2000
"13111",4263,2282,1981,2000
"13113",28736,18316,10420,2000
"13115",14047,11090,2957,2000
"13117",40199,13066,27133,2000
"13119",4519,3667,852,2000
"13121",219347,249360,-30013,2000
"13123",6185,2717,3468,2000
"13125",571,267,304,2000
"13127",13055,11404,1651,2000
"13129",8191,5165,3026,2000
"13131",3575,3128,447,2000
"13133",2916,2112,804,2000
"13135",177381,113548,63833,2000
"13137",7281,3835,3446,2000
"13139",26887,17596,9291,2000
"13141",1680,1249,431,2000
"13143",4917,3434,1483,2000
"13145",6766,4205,2561,2000
"13147",4433,2866,1567,2000
"13149",2342,1320,1022,2000
"13151",42237,16624,25613,2000
"13153",26967,21968,4999,2000
"13155",1496,1329,167,2000
"13157",11688,6007,5681,2000
"13159",2908,1817,1091,2000
"13161",1820,1737,83,2000
"13163",1750,2597,-847,2000
"13165",1238,1096,142,2000
"13167",999,1131,-132,2000
"13169",5257,3282,1975,2000
"13171",3738,2234,1504,2000
"13173",2006,1001,1005,2000
"13175",5808,5286,522,2000
"13177",6732,3103,3629,2000
"13179",24908,26213,-1305,2000
"13181",1261,1114,147,2000
"13183",3481,1233,2248,2000
"13185",22786,20564,2222,2000
"13187",6949,3316,3633,2000
"13189",3070,3300,-230,2000
"13191",2335,1747,588,2000
"13193",1547,2637,-1090,2000
"13195",4539,4651,-112,2000
"13197",1723,1068,655,2000
"13199",3888,3690,198,2000
"13201",957,891,66,2000
"13205",3743,3341,402,2000
"13207",4437,3660,777,2000
"13209",2016,1409,607,2000
"13211",3074,2902,172,2000
"13213",6999,3875,3124,2000
"13215",38271,34055,4216,2000
"13217",16732,9341,7391,2000
"13219",8466,4582,3884,2000
"13221",2570,1704,866,2000
"13223",28296,12041,16255,2000
"13225",5386,5156,230,2000
"13227",5366,2901,2465,2000
"13229",2664,2111,553,2000
"13231",3629,2174,1455,2000
"13233",5514,5135,379,2000
"13235",2300,1461,839,2000
"13237",4338,2309,2029,2000
"13239",588,561,27,2000
"13241",2665,2691,-26,2000
"13243",1068,1173,-105,2000
"13245",39185,45591,-6406,2000
"13247",18737,16436,2301,2000
"13249",736,557,179,2000
"13251",1871,1592,279,2000
"13253",1603,1583,20,2000
"13255",10147,9703,444,2000
"13257",3982,3828,154,2000
"13259",749,1467,-718,2000
"13261",5097,5441,-344,2000
"13263",801,1865,-1064,2000
"13265",305,290,15,2000
"13267",6526,3511,3015,2000
"13269",1102,1158,-56,2000
"13271",1168,2405,-1237,2000
"13273",1557,1335,222,2000
"13275",5721,8014,-2293,2000
"13277",5830,6644,-814,2000
"13279",4201,4392,-191,2000
"13281",2702,1392,1310,2000
"13283",941,583,358,2000
"13285",9338,9545,-207,2000
"13287",1222,1246,-24,2000
"13289",1776,1250,526,2000
"13291",4505,1751,2754,2000
"13293",3275,3446,-171,2000
"13295",10209,10731,-522,2000
"13297",16348,8706,7642,2000
"13299",7228,6567,661,2000
"13301",810,960,-150,2000
"13303",2892,2233,659,2000
"13305",5715,3791,1924,2000
"13307",409,306,103,2000
"13309",1734,617,1117,2000
"13311",6001,2683,3318,2000
"13313",12484,15223,-2739,2000
"13315",2052,1354,698,2000
"13317",1262,1381,-119,2000
"13319",1451,1366,85,2000
"13321",3610,3091,519,2000
"15001",18610,21920,-3310,2000
"15003",105760,175626,-69866,2000
"15005",14,14,0,2000
"15007",6788,9447,-2659,2000
"15009",18004,18302,-298,2000
"16001",68352,49341,19011,2000
"16003",840,1136,-296,2000
"16005",15685,17915,-2230,2000
"16007",1088,1415,-327,2000
"16009",1704,2084,-380,2000
"16011",5923,8644,-2721,2000
"16013",4670,4485,185,2000
"16015",2304,2627,-323,2000
"16017",8938,6936,2002,2000
"16019",15486,17845,-2359,2000
"16021",2006,1961,45,2000
"16023",524,840,-316,2000
"16025",308,377,-69,2000
"16027",31129,18852,12277,2000
"16029",1078,1717,-639,2000
"16031",4103,5754,-1651,2000
"16033",227,355,-128,2000
"16035",1866,2091,-225,2000
"16037",966,1433,-467,2000
"16039",10645,8045,2600,2000
"16041",2026,2208,-182,2000
"16043",2149,2849,-700,2000
"16045",3359,2692,667,2000
"16047",3023,2978,45,2000
"16049",3518,3849,-331,2000
"16051",3803,4298,-495,2000
"16053",4241,4509,-268,2000
"16055",27207,16790,10417,2000
"16057",12115,12021,94,2000
"16059",1487,1854,-367,2000
"16061",818,1100,-282,2000
"16063",1028,1097,-69,2000
"16065",11519,7887,3632,2000
"16067",3032,4365,-1333,2000
"16069",7608,7841,-233,2000
"16071",634,743,-109,2000
"16073",3009,2251,758,2000
"16075",5072,4193,879,2000
"16077",1330,1900,-570,2000
"16079",2782,3757,-975,2000
"16081",1392,1225,167,2000
"16083",12253,12335,-82,2000
"16085",2057,2839,-782,2000
"16087",2232,2255,-23,2000
"17001",7919,10678,-2759,2000
"17003",1691,1487,204,2000
"17005",4473,3883,590,2000
"17007",9810,7560,2250,2000
"17009",2156,1030,1126,2000
"17011",4878,5392,-514,2000
"17013",649,743,-94,2000
"17015",2453,2776,-323,2000
"17017",1976,2917,-941,2000
"17019",49864,42486,7378,2000
"17021",4376,5607,-1231,2000
"17023",2665,3583,-918,2000
"17025",1757,2066,-309,2000
"17027",4980,4865,115,2000
"17029",14142,9837,4305,2000
"17031",371651,749553,-377902,2000
"17033",2458,2760,-302,2000
"17035",1762,2042,-280,2000
"17037",27738,18339,9399,2000
"17039",2662,3404,-742,2000
"17041",2767,3400,-633,2000
"17043",164542,193927,-29385,2000
"17045",2228,3643,-1415,2000
"17047",988,1084,-96,2000
"17049",4574,6923,-2349,2000
"17051",4041,2748,1293,2000
"17053",2648,2951,-303,2000
"17055",5191,5401,-210,2000
"17057",5595,5266,329,2000
"17059",856,946,-90,2000
"17061",2071,2757,-686,2000
"17063",7541,6444,1097,2000
"17065",1368,1063,305,2000
"17067",2386,3765,-1379,2000
"17069",665,707,-42,2000
"17071",1322,1399,-77,2000
"17073",7383,9053,-1670,2000
"17075",4369,5826,-1457,2000
"17077",18505,16574,1931,2000
"17079",1192,2510,-1318,2000
"17081",6357,4974,1383,2000
"17083",4001,3303,698,2000
"17085",3740,3458,282,2000
"17087",3465,1910,1555,2000
"17089",75967,71104,4863,2000
"17091",14937,15645,-708,2000
"17093",15192,9317,5875,2000
"17095",9226,9058,168,2000
"17097",129543,115870,13673,2000
"17099",14904,16940,-2036,2000
"17101",2005,2298,-293,2000
"17103",6618,5991,627,2000
"17105",7392,5696,1696,2000
"17107",6034,4796,1238,2000
"17109",9544,6276,3268,2000
"17111",55488,43735,11753,2000
"17113",38342,26172,12170,2000
"17115",14898,18016,-3118,2000
"17117",6854,8154,-1300,2000
"17119",34402,35466,-1064,2000
"17121",5456,6721,-1265,2000
"17123",1961,2467,-506,2000
"17125",1969,3700,-1731,2000
"17127",2125,2063,62,2000
"17129",2624,2389,235,2000
"17131",2885,2766,119,2000
"17133",5557,3491,2066,2000
"17135",4502,3903,599,2000
"17137",5918,5305,613,2000
"17139",2520,2754,-234,2000
"17141",9164,9716,-552,2000
"17143",26305,35028,-8723,2000
"17145",3665,2685,980,2000
"17147",2836,3710,-874,2000
"17149",2070,2334,-264,2000
"17151",1102,1036,66,2000
"17153",991,1152,-161,2000
"17155",1116,955,161,2000
"17157",4866,5048,-182,2000
"17159",2197,3670,-1473,2000
"17161",19417,26692,-7275,2000
"17163",34911,45707,-10796,2000
"17165",3628,3679,-51,2000
"17167",23609,29096,-5487,2000
"17169",939,1238,-299,2000
"17171",828,830,-2,2000
"17173",3492,3807,-315,2000
"17175",985,1123,-138,2000
"17177",6923,7647,-724,2000
"17179",18291,19374,-1083,2000
"17181",2706,2692,14,2000
"17183",8455,11352,-2897,2000
"17185",1772,2032,-260,2000
"17187",3291,3189,102,2000
"17189",2303,2396,-93,2000
"17191",2004,2799,-795,2000
"17193",2101,2785,-684,2000
"17195",6577,9235,-2658,2000
"17197",124411,72932,51479,2000
"17199",10121,8622,1499,2000
"17201",31970,37474,-5504,2000
"17203",6681,5893,788,2000
"18001",3208,4201,-993,2000
"18003",43745,47168,-3423,2000
"18005",11274,11518,-244,2000
"18007",1789,1905,-116,2000
"18009",1992,2428,-436,2000
"18011",9991,7628,2363,2000
"18013",3520,3314,206,2000
"18015",3933,3287,646,2000
"18017",5776,6491,-715,2000
"18019",17744,16114,1630,2000
"18021",3715,4370,-655,2000
"18023",4293,5355,-1062,2000
"18025",1968,1899,69,2000
"18027",2919,3460,-541,2000
"18029",8900,7333,1567,2000
"18031",3032,4112,-1080,2000
"18033",6159,6176,-17,2000
"18035",22277,21161,1116,2000
"18037",3895,4946,-1051,2000
"18039",25082,25875,-793,2000
"18041",3058,4193,-1135,2000
"18043",14007,13739,268,2000
"18045",2984,3469,-485,2000
"18047",4253,2859,1394,2000
"18049",3275,3937,-662,2000
"18051",4457,4329,128,2000
"18053",10481,11761,-1280,2000
"18055",4715,4976,-261,2000
"18057",56787,32739,24048,2000
"18059",12707,10128,2579,2000
"18061",6884,4847,2037,2000
"18063",28205,17729,10476,2000
"18065",6044,7057,-1013,2000
"18067",11752,13634,-1882,2000
"18069",5401,6097,-696,2000
"18071",5783,5009,774,2000
"18073",6117,4800,1317,2000
"18075",2420,3742,-1322,2000
"18077",6388,4983,1405,2000
"18079",5393,3287,2106,2000
"18081",30198,20166,10032,2000
"18083",6725,5617,1108,2000
"18085",11668,11185,483,2000
"18087",4954,5265,-311,2000
"18089",52005,69912,-17907,2000
"18091",16254,15636,618,2000
"18093",5183,5495,-312,2000
"18095",15403,19430,-4027,2000
"18097",129495,155488,-25993,2000
"18099",6788,7479,-691,2000
"18101",1321,1839,-518,2000
"18103",6949,6530,419,2000
"18105",40472,33657,6815,2000
"18107",5481,6848,-1367,2000
"18109",13176,11661,1515,2000
"18111",3026,2911,115,2000
"18113",7633,7190,443,2000
"18115",1225,983,242,2000
"18117",2692,2269,423,2000
"18119",5122,3667,1455,2000
"18121",3704,3033,671,2000
"18123",2976,2516,460,2000
"18125",2154,1712,442,2000
"18127",29000,23800,5200,2000
"18129",3920,4869,-949,2000
"18131",2406,2312,94,2000
"18133",8781,6522,2259,2000
"18135",3926,5046,-1120,2000
"18137",4244,4650,-406,2000
"18139",2625,3511,-886,2000
"18141",42095,45314,-3219,2000
"18143",3380,3145,235,2000
"18145",6819,6858,-39,2000
"18147",3184,3265,-81,2000
"18149",4283,3511,772,2000
"18151",6484,5670,814,2000
"18153",3671,3019,652,2000
"18155",1824,1082,742,2000
"18157",45155,34886,10269,2000
"18159",2969,3005,-36,2000
"18161",1240,1211,29,2000
"18163",25198,25988,-790,2000
"18165",2413,2734,-321,2000
"18167",18551,18568,-17,2000
"18169",4834,5098,-264,2000
"18171",1936,972,964,2000
"18173",10610,9192,1418,2000
"18175",4460,3533,927,2000
"18177",8800,10714,-1914,2000
"18179",4099,4645,-546,2000
"18181",4492,5444,-952,2000
"18183",5358,4950,408,2000
"19001",1320,1351,-31,2000
"19003",772,572,200,2000
"19005",1807,2135,-328,2000
"19007",1828,2746,-918,2000
"19009",883,1130,-247,2000
"19011",5274,4305,969,2000
"19013",21911,23474,-1563,2000
"19015",4650,4084,566,2000
"19017",4820,4223,597,2000
"19019",3158,3927,-769,2000
"19021",3985,5207,-1222,2000
"19023",2161,2406,-245,2000
"19025",2109,2106,3,2000
"19027",2353,3194,-841,2000
"19029",1916,2299,-383,2000
"19031",3492,3552,-60,2000
"19033",6836,7843,-1007,2000
"19035",1758,2761,-1003,2000
"19037",1545,2314,-769,2000
"19039",2101,1749,352,2000
"19041",2899,3145,-246,2000
"19043",2386,3032,-646,2000
"19045",6593,8160,-1567,2000
"19047",2575,2964,-389,2000
"19049",11701,8201,3500,2000
"19051",1124,1368,-244,2000
"19053",2244,2246,-2,2000
"19055",2183,2988,-805,2000
"19057",5419,6663,-1244,2000
"19059",3363,2902,461,2000
"19061",11087,13159,-2072,2000
"19063",1614,1978,-364,2000
"19065",3355,3822,-467,2000
"19067",2325,3056,-731,2000
"19069",1566,2148,-582,2000
"19071",1673,1505,168,2000
"19073",1534,1712,-178,2000
"19075",2097,2430,-333,2000
"19077",2416,2867,-451,2000
"19079",2633,2637,-4,2000
"19081",1885,2207,-322,2000
"19083",3359,3872,-513,2000
"19085",2402,2511,-109,2000
"19087",3608,3718,-110,2000
"19089",1520,1486,34,2000
"19091",1589,1813,-224,2000
"19093",951,1532,-581,2000
"19095",2459,2430,29,2000
"19097",2896,2898,-2,2000
"19099",6549,5035,1514,2000
"19101",2490,3800,-1310,2000
"19103",35557,32723,2834,2000
"19105",3736,4251,-515,2000
"19107",1602,2182,-580,2000
"19109",2174,2786,-612,2000
"19111",4777,6176,-1399,2000
"19113",32107,30782,1325,2000
"19115",1992,2115,-123,2000
"19117",1600,1902,-302,2000
"19119",1373,2039,-666,2000
"19121",2904,2440,464,2000
"19123",4063,4117,-54,2000
"19125",6612,5358,1254,2000
"19127",6027,6765,-738,2000
"19129",3075,2812,263,2000
"19131",1522,1886,-364,2000
"19133",1508,1503,5,2000
"19135",1300,1492,-192,2000
"19137",2175,2060,115,2000
"19139",5138,7985,-2847,2000
"19141",2184,2507,-323,2000
"19143",963,1361,-398,2000
"19145",3384,2853,531,2000
"19147",1849,1908,-59,2000
"19149",3704,4427,-723,2000
"19151",1339,1703,-364,2000
"19153",62098,66405,-4307,2000
"19155",13036,14196,-1160,2000
"19157",3961,4431,-470,2000
"19159",1088,824,264,2000
"19161",1485,2059,-574,2000
"19163",25042,28174,-3132,2000
"19165",1710,1993,-283,2000
"19167",4598,5261,-663,2000
"19169",27904,24350,3554,2000
"19171",3093,3057,36,2000
"19173",1118,1233,-115,2000
"19175",2033,2948,-915,2000
"19177",1355,1283,72,2000
"19179",5541,5504,37,2000
"19181",8104,7675,429,2000
"19183",3729,3582,147,2000
"19185",1246,1129,117,2000
"19187",5848,6680,-832,2000
"19189",2122,2392,-270,2000
"19191",3945,4008,-63,2000
"19193",14202,20380,-6178,2000
"19195",1354,1479,-125,2000
"19197",2002,2626,-624,2000
"20001",2218,2929,-711,2000
"20003",1611,1503,108,2000
"20005",3052,2930,122,2000
"20007",785,1304,-519,2000
"20009",3756,5747,-1991,2000
"20011",2674,2616,58,2000
"20013",1793,1933,-140,2000
"20015",13301,10388,2913,2000
"20017",640,639,1,2000
"20019",914,872,42,2000
"20021",3714,4093,-379,2000
"20023",521,703,-182,2000
"20025",565,553,12,2000
"20027",1364,1801,-437,2000
"20029",1753,1744,9,2000
"20031",1551,2019,-468,2000
"20033",395,474,-79,2000
"20035",6207,6928,-721,2000
"20037",8382,7338,1044,2000
"20039",552,594,-42,2000
"20041",3425,4211,-786,2000
"20043",1503,1496,7,2000
"20045",34740,25850,8890,2000
"20047",523,933,-410,2000
"20049",629,725,-96,2000
"20051",5754,6591,-837,2000
"20053",1438,1230,208,2000
"20055",7456,8730,-1274,2000
"20057",4762,7585,-2823,2000
"20059",5100,4281,819,2000
"20061",8671,18867,-10196,2000
"20063",478,759,-281,2000
"20065",492,664,-172,2000
"20067",1444,1915,-471,2000
"20069",1177,1495,-318,2000
"20071",302,181,121,2000
"20073",1565,1400,165,2000
"20075",569,433,136,2000
"20077",1061,1268,-207,2000
"20079",6946,6082,864,2000
"20081",807,1029,-222,2000
"20083",402,492,-90,2000
"20085",2325,2374,-49,2000
"20087",3878,3235,643,2000
"20089",610,932,-322,2000
"20091",102486,80692,21794,2000
"20093",709,1270,-561,2000
"20095",1589,1692,-103,2000
"20097",740,1208,-468,2000
"20099",3848,3929,-81,2000
"20101",273,637,-364,2000
"20103",19645,18013,1632,2000
"20105",711,688,23,2000
"20107",2320,1541,779,2000
"20109",567,644,-77,2000
"20111",7847,8584,-737,2000
"20113",5497,5228,269,2000
"20115",2949,2147,802,2000
"20117",1504,1797,-293,2000
"20119",1030,924,106,2000
"20121",7174,5131,2043,2000
"20123",1105,1171,-66,2000
"20125",6379,7270,-891,2000
"20127",1017,1162,-145,2000
"20129",578,895,-317,2000
"20131",1331,1599,-268,2000
"20133",2859,3366,-507,2000
"20135",585,777,-192,2000
"20137",1440,1145,295,2000
"20139",3320,2778,542,2000
"20141",740,816,-76,2000
"20143",1348,1259,89,2000
"20145",1451,1497,-46,2000
"20147",852,1250,-398,2000
"20149",4108,4093,15,2000
"20151",1929,2468,-539,2000
"20153",408,759,-351,2000
"20155",10551,9917,634,2000
"20157",898,1255,-357,2000
"20159",2461,2285,176,2000
"20161",28737,24922,3815,2000
"20163",941,1019,-78,2000
"20165",686,682,4,2000
"20167",1032,1842,-810,2000
"20169",10008,10081,-73,2000
"20171",799,1135,-336,2000
"20173",66597,68518,-1921,2000
"20175",4567,6069,-1502,2000
"20177",23698,27760,-4062,2000
"20179",378,539,-161,2000
"20181",1518,1682,-164,2000
"20183",579,987,-408,2000
"20185",886,1291,-405,2000
"20187",470,650,-180,2000
"20189",763,1219,-456,2000
"20191",5082,4752,330,2000
"20193",1698,2434,-736,2000
"20195",526,704,-178,2000
"20197",1449,1630,-181,2000
"20199",296,266,30,2000
"20201",884,1116,-232,2000
"20203",396,544,-148,2000
"20205",1799,2393,-594,2000
"20207",765,743,22,2000
"20209",23915,37584,-13669,2000
"21001",2691,2558,133,2000
"21003",2953,2349,604,2000
"21005",3715,2594,1121,2000
"21007",1216,1224,-8,2000
"21009",5489,4537,952,2000
"21011",1827,1477,350,2000
"21013",3449,4476,-1027,2000
"21015",25232,16896,8336,2000
"21017",3023,3452,-429,2000
"21019",7903,9503,-1600,2000
"21021",6402,5851,551,2000
"21023",1209,1705,-496,2000
"21025",1672,2231,-559,2000
"21027",2988,2424,564,2000
"21029",13305,8796,4509,2000
"21031",1758,1518,240,2000
"21033",1821,1985,-164,2000
"21035",8341,6536,1805,2000
"21037",14173,15513,-1340,2000
"21039",935,767,168,2000
"21041",1910,1912,-2,2000
"21043",3144,3350,-206,2000
"21045",2056,1960,96,2000
"21047",22377,23528,-1151,2000
"21049",6042,5630,412,2000
"21051",3018,2953,65,2000
"21053",797,979,-182,2000
"21055",1441,1915,-474,2000
"21057",903,873,30,2000
"21059",10667,13027,-2360,2000
"21061",2098,1388,710,2000
"21063",1061,892,169,2000
"21065",2042,1844,198,2000
"21067",60745,58160,2585,2000
"21069",1878,1769,109,2000
"21071",4602,4954,-352,2000
"21073",8578,7119,1459,2000
"21075",1535,1544,-9,2000
"21077",2085,832,1253,2000
"21079",3827,2364,1463,2000
"21081",5934,3992,1942,2000
"21083",4882,4995,-113,2000
"21085",3166,3062,104,2000
"21087",1738,1338,400,2000
"21089",5787,5923,-136,2000
"21091",1525,1146,379,2000
"21093",21558,26343,-4785,2000
"21095",1694,4251,-2557,2000
"21097",3213,2236,977,2000
"21099",2665,1968,697,2000
"21101",6036,6260,-224,2000
"21103",3182,3055,127,2000
"21105",706,849,-143,2000
"21107",5219,5803,-584,2000
"21109",1685,1209,476,2000
"21111",81084,100054,-18970,2000
"21113",11173,8269,2904,2000
"21115",2350,3478,-1128,2000
"21117",28401,28920,-519,2000
"21119",1642,2052,-410,2000
"21121",4289,3457,832,2000
"21123",2408,2358,50,2000
"21125",9036,5645,3391,2000
"21127",2373,1753,620,2000
"21129",1335,867,468,2000
"21131",872,1881,-1009,2000
"21133",1947,3307,-1360,2000
"21135",1505,1696,-191,2000
"21137",4558,3089,1469,2000
"21139",1593,1248,345,2000
"21141",3790,4053,-263,2000
"21143",1771,1824,-53,2000
"21145",11447,11601,-154,2000
"21147",1872,1798,74,2000
"21149",1448,1148,300,2000
"21151",18571,11573,6998,2000
"21153",942,1301,-359,2000
"21155",2517,2379,138,2000
"21157",4991,3690,1301,2000
"21159",1247,1900,-653,2000
"21161",2486,3447,-961,2000
"21163",7216,3828,3388,2000
"21165",1266,865,401,2000
"21167",3550,3203,347,2000
"21169",1676,1125,551,2000
"21171",1291,1459,-168,2000
"21173",4000,3061,939,2000
"21175",2487,1626,861,2000
"21177",2779,3331,-552,2000
"21179",6119,4603,1516,2000
"21181",1206,890,316,2000
"21183",2935,2531,404,2000
"21185",14583,9098,5485,2000
"21187",2278,1687,591,2000
"21189",545,644,-99,2000
"21191",2979,2233,746,2000
"21193",2483,4873,-2390,2000
"21195",5580,8932,-3352,2000
"21197",2101,1774,327,2000
"21199",8282,6291,1991,2000
"21201",447,304,143,2000
"21203",2139,2055,84,2000
"21205",5702,4267,1435,2000
"21207",2002,2202,-200,2000
"21209",9256,5844,3412,2000
"21211",7893,5537,2356,2000
"21213",2641,2545,96,2000
"21215",3724,1542,2182,2000
"21217",3256,3183,73,2000
"21219",2151,2091,60,2000
"21221",2478,1981,497,2000
"21223",1987,1357,630,2000
"21225",2579,2299,280,2000
"21227",21799,17318,4481,2000
"21229",1871,1363,508,2000
"21231",2134,1723,411,2000
"21233",2429,2538,-109,2000
"21235",5544,6023,-479,2000
"21237",904,1188,-284,2000
"21239",5739,5433,306,2000
"22001",6748,6718,30,2000
"22003",5924,3209,2715,2000
"22005",13324,8798,4526,2000
"22007",2553,2093,460,2000
"22009",4076,3920,156,2000
"22011",5884,6166,-282,2000
"22013",2103,2663,-560,2000
"22015",23933,21474,2459,2000
"22017",31534,42174,-10640,2000
"22019",21396,25736,-4340,2000
"22021",1754,1533,221,2000
"22023",1552,1540,12,2000
"22025",1377,1636,-259,2000
"22027",2450,2780,-330,2000
"22029",2627,3093,-466,2000
"22031",3647,3559,88,2000
"22033",64542,69531,-4989,2000
"22035",1071,1310,-239,2000
"22037",4610,4069,541,2000
"22039",4052,3209,843,2000
"22041",2299,2835,-536,2000
"22043",3138,2756,382,2000
"22045",6506,8746,-2240,2000
"22047",5046,4841,205,2000
"22049",2039,2540,-501,2000
"22051",57016,78918,-21902,2000
"22053",3562,4317,-755,2000
"22055",31624,30116,1508,2000
"22057",8661,9599,-938,2000
"22059",2163,1975,188,2000
"22061",10999,11374,-375,2000
"22063",18669,10600,8069,2000
"22065",1866,1550,316,2000
"22067",2871,4278,-1407,2000
"22069",7475,7793,-318,2000
"22071",59495,100320,-40825,2000
"22073",19818,25646,-5828,2000
"22075",4329,6336,-2007,2000
"22077",2145,3417,-1272,2000
"22079",14803,17944,-3141,2000
"22081",1046,1771,-725,2000
"22083",2673,2982,-309,2000
"22085",3011,2918,93,2000
"22087",6831,7666,-835,2000
"22089",7604,7941,-337,2000
"22091",1321,1455,-134,2000
"22093",1216,2369,-1153,2000
"22095",6726,7145,-419,2000
"22097",8729,9050,-321,2000
"22099",6084,5297,787,2000
"22101",4825,8666,-3841,2000
"22103",42981,32632,10349,2000
"22105",15345,11543,3802,2000
"22107",932,1056,-124,2000
"22109",11085,13001,-1916,2000
"22111",4132,3187,945,2000
"22113",5851,5220,631,2000
"22115",16613,20146,-3533,2000
"22117",5397,4614,783,2000
"22119",5219,6188,-969,2000
"22121",3500,3790,-290,2000
"22123",1881,1924,-43,2000
"22125",5982,1682,4300,2000
"22127",2937,4006,-1069,2000
"23001",14478,15624,-1146,2000
"23003",6319,10449,-4130,2000
"23005",46598,42013,4585,2000
"23007",5177,4902,275,2000
"23009",8667,7942,725,2000
"23011",17014,17155,-141,2000
"23013",6193,5600,593,2000
"23015",5815,5275,540,2000
"23017",7704,7147,557,2000
"23019",21419,22463,-1044,2000
"23021",2328,3643,-1315,2000
"23023",8350,8268,82,2000
"23025",6787,8791,-2004,2000
"23027",6552,5660,892,2000
"23029",4210,5520,-1310,2000
"23031",32948,26467,6481,2000
"24001",10299,8907,1392,2000
"24003",97204,93343,3861,2000
"24005",152411,107334,45077,2000
"24009",17195,10575,6620,2000
"24011",5313,4835,478,2000
"24013",28357,22991,5366,2000
"24015",15596,11682,3914,2000
"24017",25624,21676,3948,2000
"24019",3705,3779,-74,2000
"24021",40679,31525,9154,2000
"24023",3953,3726,227,2000
"24025",40750,33394,7356,2000
"24027",64622,53098,11524,2000
"24029",3793,3399,394,2000
"24031",139934,167559,-27625,2000
"24033",140955,156331,-15376,2000
"24035",9939,6457,3482,2000
"24037",21763,16888,4875,2000
"24039",4563,10816,-6253,2000
"24041",6691,5144,1547,2000
"24043",23243,17151,6092,2000
"24045",15722,12886,2836,2000
"24047",10890,7205,3685,2000
"24510",77051,169274,-92223,2000
"25001",40945,27412,13533,2000
"25003",15311,18662,-3351,2000
"25005",56082,53439,2643,2000
"25007",2275,2736,-461,2000
"25009",87672,88655,-983,2000
"25011",10402,11281,-879,2000
"25013",40268,47515,-7247,2000
"25015",38867,32583,6284,2000
"25017",214246,245977,-31731,2000
"25019",2080,2027,53,2000
"25021",110979,122942,-11963,2000
"25023",66516,61228,5288,2000
"25025",135739,169165,-33426,2000
"25027",89251,81719,7532,2000
"26001",2788,1959,829,2000
"26003",1514,2624,-1110,2000
"26005",20677,17005,3672,2000
"26007",3950,4504,-554,2000
"26009",5369,6363,-994,2000
"26011",3237,3260,-23,2000
"26013",1202,1523,-321,2000
"26015",12321,8221,4100,2000
"26017",10883,14079,-3196,2000
"26019",4070,2053,2017,2000
"26021",21106,27636,-6530,2000
"26023",7572,7051,521,2000
"26025",18773,21740,-2967,2000
"26027",10101,10180,-79,2000
"26029",5172,4180,992,2000
"26031",5462,4623,839,2000
"26033",8075,6673,1402,2000
"26035",6912,4307,2605,2000
"26037",12900,11785,1115,2000
"26039",3614,2361,1253,2000
"26041",5051,4793,258,2000
"26043",3724,3994,-270,2000
"26045",23088,20463,2625,2000
"26047",6433,4713,1720,2000
"26049",45879,62183,-16304,2000
"26051",5316,5169,147,2000
"26053",2335,3415,-1080,2000
"26055",16344,14715,1629,2000
"26057",7937,7697,240,2000
"26059",8477,6348,2129,2000
"26061",8383,7884,499,2000
"26063",3976,5244,-1268,2000
"26065",65439,72022,-6583,2000
"26067",11185,10633,552,2000
"26069",6194,5612,582,2000
"26071",1781,1818,-37,2000
"26073",22013,12837,9176,2000
"26075",20645,22942,-2297,2000
"26077",47852,44595,3257,2000
"26079",4398,2185,2213,2000
"26081",77927,83137,-5210,2000
"26083",573,555,18,2000
"26085",3424,1862,1562,2000
"26087",16953,15954,999,2000
"26089",5021,3289,1732,2000
"26091",15592,14697,895,2000
"26093",39874,27281,12593,2000
"26095",1663,1323,340,2000
"26097",2396,2587,-191,2000
"26099",106904,100722,6182,2000
"26101",4543,3401,1142,2000
"26103",11150,12030,-880,2000
"26105",5001,3364,1637,2000
"26107",12020,8495,3525,2000
"26109",3274,3933,-659,2000
"26111",14352,13678,674,2000
"26113",2760,2498,262,2000
"26115",22588,19608,2980,2000
"26117",12385,11386,999,2000
"26119",2507,2167,340,2000
"26121",19443,19789,-346,2000
"26123",9692,6896,2796,2000
"26125",185319,212953,-27634,2000
"26127",4573,4171,402,2000
"26129",4689,3528,1161,2000
"26131",942,1662,-720,2000
"26133",4546,4415,131,2000
"26135",2163,1431,732,2000
"26137",5359,3756,1603,2000
"26139",48678,34185,14493,2000
"26141",2097,2421,-324,2000
"26143",6325,5359,966,2000
"26145",22818,28256,-5438,2000
"26147",23694,22446,1248,2000
"26149",8360,10097,-1737,2000
"26151",7277,7026,251,2000
"26153",1456,1327,129,2000
"26155",10135,12634,-2499,2000
"26157",8512,10215,-1703,2000
"26159",13020,14485,-1465,2000
"26161",89195,77726,11469,2000
"26163",149934,265371,-115437,2000
"26165",6473,6180,293,2000
"27001",3480,2356,1124,2000
"27003",62708,51172,11536,2000
"27005",5408,5365,43,2000
"27007",7794,7786,8,2000
"27009",9024,7280,1744,2000
"27011",654,1133,-479,2000
"27013",14365,13986,379,2000
"27015",3924,4617,-693,2000
"27017",4909,5135,-226,2000
"27019",18246,13670,4576,2000
"27021",6017,5108,909,2000
"27023",2086,2980,-894,2000
"27025",11141,7162,3979,2000
"27027",12800,11602,1198,2000
"27029",1132,1414,-282,2000
"27031",1192,1096,96,2000
"27033",1563,2387,-824,2000
"27035",10975,9005,1970,2000
"27037",78864,68116,10748,2000
"27039",3250,2836,414,2000
"27041",6113,5498,615,2000
"27043",2150,2793,-643,2000
"27045",3140,3154,-14,2000
"27047",3904,4664,-760,2000
"27049",7399,6893,506,2000
"27051",1067,1248,-181,2000
"27053",191928,224254,-32326,2000
"27055",2804,2753,51,2000
"27057",4473,2544,1929,2000
"27059",7565,5488,2077,2000
"27061",6542,6069,473,2000
"27063",1690,1982,-292,2000
"27065",3228,2566,662,2000
"27067",6369,6918,-549,2000
"27069",558,874,-316,2000
"27071",1604,2359,-755,2000
"27073",1029,1397,-368,2000
"27075",1754,1755,-1,2000
"27077",661,948,-287,2000
"27079",4695,4805,-110,2000
"27081",964,1016,-52,2000
"27083",4656,5487,-831,2000
"27085",5963,5841,122,2000
"27087",715,1078,-363,2000
"27089",1295,2027,-732,2000
"27091",2924,3678,-754,2000
"27093",4061,4028,33,2000
"27095",4883,4412,471,2000
"27097",4081,4865,-784,2000
"27099",5684,5859,-175,2000
"27101",1001,1699,-698,2000
"27103",8628,6229,2399,2000
"27105",2916,4314,-1398,2000
"27107",1201,1711,-510,2000
"27109",23335,22418,917,2000
"27111",9282,8666,616,2000
"27113",2388,2817,-429,2000
"27115",6146,5099,1047,2000
"27117",1412,2138,-726,2000
"27119",4998,6707,-1709,2000
"27121",1905,2549,-644,2000
"27123",103209,112423,-9214,2000
"27125",545,1028,-483,2000
"27127",1892,2813,-921,2000
"27129",2406,3283,-877,2000
"27131",13347,11514,1833,2000
"27133",1224,1774,-550,2000
"27135",1742,3127,-1385,2000
"27137",29647,27689,1958,2000
"27139",25676,14472,11204,2000
"27141",20091,11830,8261,2000
"27143",2495,2508,-13,2000
"27145",27514,25853,1661,2000
"27147",5765,5273,492,2000
"27149",2677,2302,375,2000
"27151",2435,1978,457,2000
"27153",4138,4616,-478,2000
"27155",571,658,-87,2000
"27157",3740,3498,242,2000
"27159",2682,3467,-785,2000
"27161",3445,3306,139,2000
"27163",48457,37610,10847,2000
"27165",1333,2223,-890,2000
"27167",1323,1639,-316,2000
"27169",10296,9674,622,2000
"27171",20314,13749,6565,2000
"27173",1799,2124,-325,2000
"28001",3461,5552,-2091,2000
"28003",4397,4873,-476,2000
"28005",1841,2100,-259,2000
"28007",2792,2836,-44,2000
"28009",1251,1554,-303,2000
"28011",4655,7135,-2480,2000
"28013",1309,2269,-960,2000
"28015",1730,1533,197,2000
"28017",2134,3267,-1133,2000
"28019",1254,1346,-92,2000
"28021",1761,1299,462,2000
"28023",2160,2859,-699,2000
"28025",2495,3112,-617,2000
"28027",2846,5857,-3011,2000
"28029",4037,3132,905,2000
"28031",2366,2423,-57,2000
"28033",30376,13491,16885,2000
"28035",18352,16470,1882,2000
"28037",1172,1210,-38,2000
"28039",2734,2836,-102,2000
"28041",3155,1357,1798,2000
"28043",3483,3753,-270,2000
"28045",9845,6096,3749,2000
"28047",41141,40339,802,2000
"28049",33784,47647,-13863,2000
"28051",2174,3014,-840,2000
"28053",881,2013,-1132,2000
"28055",583,238,345,2000
"28057",3371,2545,826,2000
"28059",22821,20345,2476,2000
"28061",2159,1946,213,2000
"28063",1098,1308,-210,2000
"28065",1762,1755,7,2000
"28067",7458,7809,-351,2000
"28069",1304,1115,189,2000
"28071",13267,8734,4533,2000
"28073",11014,7040,3974,2000
"28075",11155,12863,-1708,2000
"28077",1747,1662,85,2000
"28079",2531,2304,227,2000
"28081",11750,12928,-1178,2000
"28083",4340,5762,-1422,2000
"28085",5018,4621,397,2000
"28087",9753,13050,-3297,2000
"28089",19455,12606,6849,2000
"28091",3330,3441,-111,2000
"28093",5302,4570,732,2000
"28095",4065,4271,-206,2000
"28097",1418,1680,-262,2000
"28099",4108,3500,608,2000
"28101",3066,3273,-207,2000
"28103",940,1473,-533,2000
"28105",13670,10030,3640,2000
"28107",4643,4029,614,2000
"28109",9632,5917,3715,2000
"28111",2124,1899,225,2000
"28113",5473,4869,604,2000
"28115",4251,2857,1394,2000
"28117",3502,2920,582,2000
"28119",1229,1589,-360,2000
"28121",29066,17514,11552,2000
"28123",3500,3560,-60,2000
"28125",705,1555,-850,2000
"28127",3781,3308,473,2000
"28129",1916,2228,-312,2000
"28131",2971,2287,684,2000
"28133",5289,5356,-67,2000
"28135",1557,1822,-265,2000
"28137",5190,3575,1615,2000
"28139",2468,2363,105,2000
"28141",2371,2622,-251,2000
"28143",1614,1533,81,2000
"28145",3869,2816,1053,2000
"28147",1704,2050,-346,2000
"28149",6209,8225,-2016,2000
"28151",5525,9751,-4226,2000
"28153",1976,2112,-136,2000
"28155",1639,2018,-379,2000
"28157",1377,1280,97,2000
"28159",2244,2380,-136,2000
"28161",1890,2749,-859,2000
"28163",4205,3635,570,2000
"29001",8544,7375,1169,2000
"29003",3801,2632,1169,2000
"29005",1002,1158,-156,2000
"29007",5031,4405,626,2000
"29009",7804,7168,636,2000
"29011",2350,2263,87,2000
"29013",3444,2975,469,2000
"29015",4716,3042,1674,2000
"29017",2500,1598,902,2000
"29019",38329,31247,7082,2000
"29021",13402,13758,-356,2000
"29023",6615,7056,-441,2000
"29025",2183,1948,235,2000
"29027",9756,6612,3144,2000
"29029",10839,6350,4489,2000
"29031",13598,12059,1539,2000
"29033",1235,1825,-590,2000
"29035",1213,1256,-43,2000
"29037",20473,15530,4943,2000
"29039",2871,2539,332,2000
"29041",1085,1560,-475,2000
"29043",18876,10154,8722,2000
"29045",1044,1398,-354,2000
"29047",43979,33107,10872,2000
"29049",5405,4780,625,2000
"29051",15123,13296,1827,2000
"29053",3726,2922,804,2000
"29055",4595,3288,1307,2000
"29057",1633,1785,-152,2000
"29059",3835,2580,1255,2000
"29061",1687,1928,-241,2000
"29063",3916,1998,1918,2000
"29065",2912,2795,117,2000
"29067",2620,2458,162,2000
"29069",4589,5208,-619,2000
"29071",15149,13890,1259,2000
"29073",2978,2801,177,2000
"29075",1123,1527,-404,2000
"29077",54283,50079,4204,2000
"29079",1946,1766,180,2000
"29081",1449,1595,-146,2000
"29083",4645,3927,718,2000
"29085",2253,1683,570,2000
"29087",759,1230,-471,2000
"29089",2228,2231,-3,2000
"29091",7557,6331,1226,2000
"29093",2036,2482,-446,2000
"29095",95989,114714,-18725,2000
"29097",21390,19453,1937,2000
"29099",35042,28207,6835,2000
"29101",16554,14091,2463,2000
"29103",828,741,87,2000
"29105",5628,4700,928,2000
"29107",6531,5612,919,2000
"29109",7598,5946,1652,2000
"29111",2189,1633,556,2000
"29113",9219,4904,4315,2000
"29115",2065,2596,-531,2000
"29117",2484,2631,-147,2000
"29119",5545,4171,1374,2000
"29121",2750,2216,534,2000
"29123",2154,1968,186,2000
"29125",1864,1588,276,2000
"29127",4668,5209,-541,2000
"29129",881,899,-18,2000
"29131",4753,3770,983,2000
"29133",1607,2272,-665,2000
"29135",3446,2562,884,2000
"29137",1912,1811,101,2000
"29139",2251,2031,220,2000
"29141",4823,3467,1356,2000
"29143",3450,4133,-683,2000
"29145",12984,9597,3387,2000
"29147",5754,4313,1441,2000
"29149",2327,1775,552,2000
"29151",1856,1810,46,2000
"29153",1932,1871,61,2000
"29155",2391,4262,-1871,2000
"29157",1962,2128,-166,2000
"29159",7292,6265,1027,2000
"29161",10359,8810,1549,2000
"29163",3921,2770,1151,2000
"29165",22788,17059,5729,2000
"29167",7271,4653,2618,2000
"29169",16043,12786,3257,2000
"29171",786,919,-133,2000
"29173",2055,1610,445,2000
"29175",4566,4910,-344,2000
"29177",4192,4276,-84,2000
"29179",1269,1568,-299,2000
"29181",2180,3207,-1027,2000
"29183",66971,43720,23251,2000
"29185",2501,1605,896,2000
"29186",2781,2853,-72,2000
"29187",10741,7339,3402,2000
"29189",187714,154896,32818,2000
"29195",4463,3894,569,2000
"29197",755,816,-61,2000
"29199",641,854,-213,2000
"29201",6308,7169,-861,2000
"29203",1448,1249,199,2000
"29205",1167,1511,-344,2000
"29207",4933,5078,-145,2000
"29209",8507,5739,2768,2000
"29211",1432,1140,292,2000
"29213",11694,10002,1692,2000
"29215",4452,4868,-416,2000
"29217",3692,3456,236,2000
"29219",6145,4032,2113,2000
"29221",3985,2984,1001,2000
"29223",2455,2548,-93,2000
"29225",7617,4669,2948,2000
"29227",350,576,-226,2000
"29229",3820,3474,346,2000
"29510",52857,158081,-105224,2000
"30001",2421,3451,-1030,2000
"30003",1861,2489,-628,2000
"30005",916,1385,-469,2000
"30007",1196,904,292,2000
"30009",2386,2198,188,2000
"30011",201,464,-263,2000
"30013",15716,20582,-4866,2000
"30015",1302,1336,-34,2000
"30017",2125,2794,-669,2000
"30019",248,435,-187,2000
"30021",1705,2042,-337,2000
"30023",1720,2135,-415,2000
"30025",437,682,-245,2000
"30027",2105,2784,-679,2000
"30029",15347,14364,983,2000
"30031",21385,16681,4704,2000
"30033",156,362,-206,2000
"30035",1522,2184,-662,2000
"30037",255,343,-88,2000
"30039",709,739,-30,2000
"30041",3156,3966,-810,2000
"30043",3070,2723,347,2000
"30045",442,559,-117,2000
"30047",6247,4730,1517,2000
"30049",12211,11254,957,2000
"30051",300,466,-166,2000
"30053",3663,4124,-461,2000
"30055",289,523,-234,2000
"30057",1807,1577,230,2000
"30059",354,473,-119,2000
"30061",1039,1274,-235,2000
"30063",25448,23014,2434,2000
"30065",1052,1172,-120,2000
"30067",3650,4551,-901,2000
"30069",125,168,-43,2000
"30071",589,1183,-594,2000
"30073",1123,1294,-171,2000
"30075",362,428,-66,2000
"30077",2109,2147,-38,2000
"30079",224,595,-371,2000
"30081",10289,6633,3656,2000
"30083",1344,1751,-407,2000
"30085",1070,2418,-1348,2000
"30087",1629,3323,-1694,2000
"30089",2549,2954,-405,2000
"30091",485,742,-257,2000
"30093",5905,6998,-1093,2000
"30095",2283,1908,375,2000
"30097",906,735,171,2000
"30099",1310,1271,39,2000
"30101",1098,1273,-175,2000
"30103",178,240,-62,2000
"30105",1204,1723,-519,2000
"30107",362,493,-131,2000
"30109",184,156,28,2000
"30111",23665,23407,258,2000
"31001",6004,6437,-433,2000
"31003",939,1348,-409,2000
"31005",115,96,19,2000
"31007",211,175,36,2000
"31009",102,188,-86,2000
"31011",744,1401,-657,2000
"31013",1874,2932,-1058,2000
"31015",245,541,-296,2000
"31017",564,637,-73,2000
"31019",10402,9446,956,2000
"31021",1341,1429,-88,2000
"31023",1356,1524,-168,2000
"31025",5609,4343,1266,2000
"31027",974,1583,-609,2000
"31029",777,962,-185,2000
"31031",1223,1387,-164,2000
"31033",1973,1682,291,2000
"31035",1278,1886,-608,2000
"31037",1683,2019,-336,2000
"31039",1454,1861,-407,2000
"31041",1816,1961,-145,2000
"31043",4338,3965,373,2000
"31045",3014,2805,209,2000
"31047",4352,5776,-1424,2000
"31049",506,615,-109,2000
"31051",1114,1344,-230,2000
"31053",6344,5792,552,2000
"31055",73780,84676,-10896,2000
"31057",392,484,-92,2000
"31059",1071,1183,-112,2000
"31061",493,680,-187,2000
"31063",815,799,16,2000
"31065",879,1155,-276,2000
"31067",3613,3669,-56,2000
"31069",530,687,-157,2000
"31071",301,441,-140,2000
"31073",485,536,-51,2000
"31075",148,224,-76,2000
"31077",344,549,-205,2000
"31079",8500,10576,-2076,2000
"31081",1563,1769,-206,2000
"31083",764,810,-46,2000
"31085",210,298,-88,2000
"31087",644,719,-75,2000
"31089",1372,2208,-836,2000
"31091",150,274,-124,2000
"31093",1342,1194,148,2000
"31095",935,1484,-549,2000
"31097",836,899,-63,2000
"31099",1715,1373,342,2000
"31101",1870,1889,-19,2000
"31103",132,132,0,2000
"31105",843,727,116,2000
"31107",1104,1481,-377,2000
"31109",47751,43577,4174,2000
"31111",6085,6288,-203,2000
"31113",178,142,36,2000
"31115",123,76,47,2000
"31117",103,233,-130,2000
"31119",6269,7730,-1461,2000
"31121",1544,1881,-337,2000
"31123",1158,1275,-117,2000
"31125",760,761,-1,2000
"31127",1792,2030,-238,2000
"31129",751,1108,-357,2000
"31131",3014,2877,137,2000
"31133",567,476,91,2000
"31135",649,867,-218,2000
"31137",1529,2020,-491,2000
"31139",1353,1460,-107,2000
"31141",5051,6317,-1266,2000
"31143",1041,983,58,2000
"31145",1969,2760,-791,2000
"31147",1159,1556,-397,2000
"31149",292,344,-52,2000
"31151",3047,3103,-56,2000
"31153",38940,32523,6417,2000
"31155",3746,3161,585,2000
"31157",5632,7257,-1625,2000
"31159",4219,3558,661,2000
"31161",1165,1507,-342,2000
"31163",520,750,-230,2000
"31165",389,398,-9,2000
"31167",1409,1288,121,2000
"31169",810,1061,-251,2000
"31171",142,234,-92,2000
"31173",943,1419,-476,2000
"31175",722,774,-52,2000
"31177",4466,3265,1201,2000
"31179",3058,2548,510,2000
"31181",679,761,-82,2000
"31183",135,256,-121,2000
"31185",2719,2740,-21,2000
"32001",6946,5879,1067,2000
"32003",360931,157703,203228,2000
"32005",12913,9835,3078,2000
"32007",10106,10905,-799,2000
"32009",280,232,48,2000
"32011",458,547,-89,2000
"32013",4437,4917,-480,2000
"32015",1221,2244,-1023,2000
"32017",1162,1263,-101,2000
"32019",12513,5946,6567,2000
"32021",1000,1929,-929,2000
"32023",13590,7508,6082,2000
"32027",2101,1477,624,2000
"32029",1467,537,930,2000
"32031",72686,59438,13248,2000
"32033",2590,3143,-553,2000
"32510",14284,11248,3036,2000
"33001",11604,9670,1934,2000
"33003",9371,7023,2348,2000
"33005",13579,11876,1703,2000
"33007",3999,4664,-665,2000
"33009",18934,18195,739,2000
"33011",65291,57563,7728,2000
"33013",27855,23038,4817,2000
"33015",57593,54108,3485,2000
"33017",27264,20418,6846,2000
"33019",6735,7767,-1032,2000
"34001",28511,29804,-1293,2000
"34003",109250,139259,-30009,2000
"34005",75805,69786,6019,2000
"34007",61858,80893,-19035,2000
"34009",17304,19373,-2069,2000
"34011",14162,15768,-1606,2000
"34013",87576,138215,-50639,2000
"34015",39385,36019,3366,2000
"34017",74744,112594,-37850,2000
"34019",27020,25332,1688,2000
"34021",54598,62470,-7872,2000
"34023",120397,132060,-11663,2000
"34025",94778,94315,463,2000
"34027",81671,87897,-6226,2000
"34029",89794,61186,28608,2000
"34031",49547,79912,-30365,2000
"34033",7403,9569,-2166,2000
"34035",68006,60635,7371,2000
"34037",25982,29596,-3614,2000
"34039",69952,97222,-27270,2000
"34041",20898,19565,1333,2000
"35001",97154,112231,-15077,2000
"35003",1123,709,414,2000
"35005",9592,11565,-1973,2000
"35006",3673,3793,-120,2000
"35007",2871,2743,128,2000
"35009",10262,16081,-5819,2000
"35011",369,554,-185,2000
"35013",31689,35609,-3920,2000
"35015",6943,11050,-4107,2000
"35017",4850,6174,-1324,2000
"35019",922,862,60,2000
"35021",118,468,-350,2000
"35023",852,1800,-948,2000
"35025",7400,11646,-4246,2000
"35027",5321,3985,1336,2000
"35028",3553,5609,-2056,2000
"35029",4132,4347,-215,2000
"35031",7234,11199,-3965,2000
"35033",988,652,336,2000
"35035",14611,16599,-1988,2000
"35037",1592,2627,-1035,2000
"35039",4987,5863,-876,2000
"35041",4271,6131,-1860,2000
"35043",25548,16857,8691,2000
"35045",16778,17378,-600,2000
"35047",4582,4814,-232,2000
"35049",25406,24698,708,2000
"35051",4022,2452,1570,2000
"35053",3616,4005,-389,2000
"35055",5038,4788,250,2000
"35057",5442,3656,1786,2000
"35059",724,888,-164,2000
"35061",15697,9472,6225,2000
"36001",48568,53909,-5341,2000
"36003",8729,13450,-4721,2000
"36005",127367,214797,-87430,2000
"36007",26322,35580,-9258,2000
"36009",11136,17064,-5928,2000
"36011",10079,11366,-1287,2000
"36013",15519,17790,-2271,2000
"36015",11534,13090,-1556,2000
"36017",6641,12583,-5942,2000
"36019",12358,11838,520,2000
"36021",9291,10728,-1437,2000
"36023",8870,18357,-9487,2000
"36025",7894,8880,-986,2000
"36027",47323,43076,4247,2000
"36029",65923,107038,-41115,2000
"36031",7247,6788,459,2000
"36033",9515,7365,2150,2000
"36035",7166,7619,-453,2000
"36037",7408,9309,-1901,2000
"36039",8059,7234,825,2000
"36041",861,1022,-161,2000
"36043",7734,10525,-2791,2000
"36045",22967,30135,-7168,2000
"36047",165511,399066,-233555,2000
"36049",2890,4701,-1811,2000
"36051",13046,11398,1648,2000
"36053",12631,15717,-3086,2000
"36055",71693,104551,-32858,2000
"36057",5383,9027,-3644,2000
"36059",143356,215640,-72284,2000
"36061",277865,335114,-57249,2000
"36063",18333,26457,-8124,2000
"36065",21634,35926,-14292,2000
"36067",53264,76019,-22755,2000
"36069",17212,17592,-380,2000
"36071",54548,56092,-1544,2000
"36073",6863,7910,-1047,2000
"36075",15742,20465,-4723,2000
"36077",12625,11185,1440,2000
"36079",19803,20811,-1008,2000
"36081",195858,364363,-168505,2000
"36083",22337,28100,-5763,2000
"36085",58304,56834,1470,2000
"36087",33935,42917,-8982,2000
"36089",16497,16230,267,2000
"36091",39094,36929,2165,2000
"36093",20075,26492,-6417,2000
"36095",4844,5270,-426,2000
"36097",3362,4241,-879,2000
"36099",4993,6546,-1553,2000
"36101",11614,17163,-5549,2000
"36103",143257,157228,-13971,2000
"36105",13889,13463,426,2000
"36107",7969,10002,-2033,2000
"36109",31532,28453,3079,2000
"36111",28797,24803,3994,2000
"36113",9837,12837,-3000,2000
"36115",10749,9913,836,2000
"36117",12662,15083,-2421,2000
"36119",109892,139464,-29572,2000
"36121",5907,6896,-989,2000
"36123",4105,4226,-121,2000
"37001",22382,17455,4927,2000
"37003",5428,3775,1653,2000
"37005",1522,1146,376,2000
"37007",3023,3163,-140,2000
"37009",3209,2802,407,2000
"37011",3665,2485,1180,2000
"37013",5515,6665,-1150,2000
"37015",2231,2758,-527,2000
"37017",4291,2914,1377,2000
"37019",19244,9313,9931,2000
"37021",39847,32874,6973,2000
"37023",15530,9963,5567,2000
"37025",32092,19605,12487,2000
"37027",9668,8487,1181,2000
"37029",2041,1163,878,2000
"37031",12524,10119,2405,2000
"37033",4626,2746,1880,2000
"37035",24731,19954,4777,2000
"37037",10565,7153,3412,2000
"37039",4458,3815,643,2000
"37041",2068,2042,26,2000
"37043",2229,1322,907,2000
"37045",13214,11422,1792,2000
"37047",5400,5719,-319,2000
"37049",25203,24488,715,2000
"37051",77114,96348,-19234,2000
"37053",4974,3294,1680,2000
"37055",7675,5635,2040,2000
"37057",22484,17689,4795,2000
"37059",7498,4404,3094,2000
"37061",6159,6665,-506,2000
"37063",54697,45684,9013,2000
"37065",8083,9499,-1416,2000
"37067",56154,50457,5697,2000
"37069",10849,6652,4197,2000
"37071",25526,23120,2406,2000
"37073",1998,1275,723,2000
"37075",984,1042,-58,2000
"37077",11000,5679,5321,2000
"37079",3627,2394,1233,2000
"37081",80499,71768,8731,2000
"37083",6275,7077,-802,2000
"37085",24157,15583,8574,2000
"37087",8571,6690,1881,2000
"37089",19529,11619,7910,2000
"37091",2855,3279,-424,2000
"37093",9228,5598,3630,2000
"37095",990,1098,-108,2000
"37097",27099,14079,13020,2000
"37099",8835,5310,3525,2000
"37101",30160,14701,15459,2000
"37103",1833,1603,230,2000
"37105",8369,8267,102,2000
"37107",6732,9358,-2626,2000
"37109",12884,9164,3720,2000
"37111",6011,4528,1483,2000
"37113",7244,4193,3051,2000
"37115",4298,3206,1092,2000
"37117",3104,3593,-489,2000
"37119",167171,129798,37373,2000
"37121",2237,2035,202,2000
"37123",4247,3193,1054,2000
"37125",15775,10308,5467,2000
"37127",15911,15271,640,2000
"37129",42932,33439,9493,2000
"37131",3297,3983,-686,2000
"37133",57966,57599,367,2000
"37135",42982,37008,5974,2000
"37137",2115,1488,627,2000
"37139",7580,6730,850,2000
"37141",10494,6302,4192,2000
"37143",2673,1754,919,2000
"37145",5156,3797,1359,2000
"37147",32947,24669,8278,2000
"37149",4228,2510,1718,2000
"37151",20808,15781,5027,2000
"37153",6946,6130,816,2000
"37155",13963,10974,2989,2000
"37157",10755,11299,-544,2000
"37159",21878,15462,6416,2000
"37161",7583,5601,1982,2000
"37163",8657,6100,2557,2000
"37165",5839,4631,1208,2000
"37167",9531,5676,3855,2000
"37169",8539,5643,2896,2000
"37171",8884,8343,541,2000
"37173",2230,1979,251,2000
"37175",6573,4038,2535,2000
"37177",852,1048,-196,2000
"37179",30999,12667,18332,2000
"37181",6284,5055,1229,2000
"37183",163647,110430,53217,2000
"37185",4097,2311,1786,2000
"37187",1422,2104,-682,2000
"37189",14642,10919,3723,2000
"37191",19169,18452,717,2000
"37193",7292,6131,1161,2000
"37195",9684,9274,410,2000
"37197",5503,4078,1425,2000
"37199",2313,2210,103,2000
"38001",365,425,-60,2000
"38003",1840,1965,-125,2000
"38005",810,1470,-660,2000
"38007",176,191,-15,2000
"38009",1113,1145,-32,2000
"38011",581,586,-5,2000
"38013",245,628,-383,2000
"38015",13763,13626,137,2000
"38017",28747,26501,2246,2000
"38019",542,1146,-604,2000
"38021",1168,1374,-206,2000
"38023",304,644,-340,2000
"38025",612,690,-78,2000
"38027",427,582,-155,2000
"38029",410,575,-165,2000
"38031",645,759,-114,2000
"38033",384,429,-45,2000
"38035",16829,24936,-8107,2000
"38037",329,509,-180,2000
"38039",297,634,-337,2000
"38041",246,692,-446,2000
"38043",324,503,-179,2000
"38045",557,1006,-449,2000
"38047",243,616,-373,2000
"38049",868,1015,-147,2000
"38051",330,546,-216,2000
"38053",830,1310,-480,2000
"38055",1315,2030,-715,2000
"38057",1071,1637,-566,2000
"38059",4942,4489,453,2000
"38061",942,1428,-486,2000
"38063",575,696,-121,2000
"38065",259,411,-152,2000
"38067",1057,1736,-679,2000
"38069",795,1101,-306,2000
"38071",2224,2911,-687,2000
"38073",1062,1147,-85,2000
"38075",469,593,-124,2000
"38077",4032,4125,-93,2000
"38079",1441,2426,-985,2000
"38081",704,880,-176,2000
"38083",184,509,-325,2000
"38085",640,890,-250,2000
"38087",120,83,37,2000
"38089",3660,4693,-1033,2000
"38091",358,393,-35,2000
"38093",4046,3745,301,2000
"38095",330,649,-319,2000
"38097",1732,1716,16,2000
"38099",1394,2409,-1015,2000
"38101",12541,17248,-4707,2000
"38103",597,938,-341,2000
"38105",2509,3805,-1296,2000
"39001",3445,4078,-633,2000
"39003",13564,17053,-3489,2000
"39005",8848,6775,2073,2000
"39007",11775,12553,-778,2000
"39009",20331,16255,4076,2000
"39011",6131,6737,-606,2000
"39013",7859,8809,-950,2000
"39015",8851,5606,3245,2000
"39017",68055,54816,13239,2000
"39019",4564,4290,274,2000
"39021",6596,5955,641,2000
"39023",17083,21466,-4383,2000
"39025",36674,32166,4508,2000
"39027",7496,7070,426,2000
"39029",13463,14435,-972,2000
"39031",3779,5467,-1688,2000
"39033",4902,7027,-2125,2000
"39035",117034,185232,-68198,2000
"39037",5477,6960,-1483,2000
"39039",4973,6857,-1884,2000
"39041",38853,17207,21646,2000
"39043",10824,13280,-2456,2000
"39045",25042,19713,5329,2000
"39047",4182,3898,284,2000
"39049",173916,178748,-4832,2000
"39051",6815,6516,299,2000
"39053",3673,3809,-136,2000
"39055",16148,15703,445,2000
"39057",37556,33989,3567,2000
"39059",5462,6368,-906,2000
"39061",90995,141745,-50750,2000
"39063",11148,11574,-426,2000
"39065",5387,5056,331,2000
"39067",2262,2722,-460,2000
"39069",3571,4331,-760,2000
"39071",7174,5256,1918,2000
"39073",4699,3558,1141,2000
"39075",3593,3884,-291,2000
"39077",7871,9842,-1971,2000
"39079",4222,4089,133,2000
"39081",6974,9145,-2171,2000
"39083",10101,7753,2348,2000
"39085",28230,30515,-2285,2000
"39087",6896,7642,-746,2000
"39089",26442,18960,7482,2000
"39091",6252,6758,-506,2000
"39093",36433,39391,-2958,2000
"39095",47389,66629,-19240,2000
"39097",8841,8337,504,2000
"39099",26259,33480,-7221,2000
"39101",8126,9450,-1324,2000
"39103",30617,24521,6096,2000
"39105",2869,2507,362,2000
"39107",3796,5491,-1695,2000
"39109",15543,15884,-341,2000
"39111",1797,2119,-322,2000
"39113",72964,98471,-25507,2000
"39115",2438,1964,474,2000
"39117",7168,4381,2787,2000
"39119",10173,10312,-139,2000
"39121",3392,1189,2203,2000
"39123",6662,6453,209,2000
"39125",2523,2911,-388,2000
"39127",4740,5354,-614,2000
"39129",11896,8251,3645,2000
"39131",4387,3028,1359,2000
"39133",33022,27060,5962,2000
"39135",6358,6994,-636,2000
"39137",2822,4327,-1505,2000
"39139",16143,17148,-1005,2000
"39141",10147,10467,-320,2000
"39143",7147,9091,-1944,2000
"39145",7959,9568,-1609,2000
"39147",7366,8970,-1604,2000
"39149",6137,6980,-843,2000
"39151",38001,46993,-8992,2000
"39153",71891,76089,-4198,2000
"39155",21328,27780,-6452,2000
"39157",10159,8382,1777,2000
"39159",10547,6776,3771,2000
"39161",3687,3890,-203,2000
"39163",2351,1445,906,2000
"39165",45886,24654,21232,2000
"39167",8224,9505,-1281,2000
"39169",15365,15785,-420,2000
"39171",5425,5818,-393,2000
"39173",30905,24888,6017,2000
"39175",2871,3481,-610,2000
"40001",2812,3152,-340,2000
"40003",1369,1334,35,2000
"40005",3031,2039,992,2000
"40007",1151,1632,-481,2000
"40009",4339,3736,603,2000
"40011",2622,2520,102,2000
"40013",7205,6016,1189,2000
"40015",5411,5111,300,2000
"40017",20838,16647,4191,2000
"40019",7019,8140,-1121,2000
"40021",9929,8036,1893,2000
"40023",2418,2736,-318,2000
"40025",498,705,-207,2000
"40027",56235,43503,12732,2000
"40029",1092,1126,-34,2000
"40031",31069,36481,-5412,2000
"40033",1376,1205,171,2000
"40035",3094,3993,-899,2000
"40037",12839,12223,616,2000
"40039",6166,6775,-609,2000
"40041",10510,5579,4931,2000
"40043",844,1363,-519,2000
"40045",717,1252,-535,2000
"40047",10384,12952,-2568,2000
"40049",4815,5185,-370,2000
"40051",9055,8612,443,2000
"40053",953,1312,-359,2000
"40055",1452,1562,-110,2000
"40057",581,756,-175,2000
"40059",675,670,5,2000
"40061",2222,1914,308,2000
"40063",3064,2683,381,2000
"40065",7638,11068,-3430,2000
"40067",1359,1326,33,2000
"40069",2118,1942,176,2000
"40071",8290,10076,-1786,2000
"40073",2114,2918,-804,2000
"40075",1946,2442,-496,2000
"40077",2240,2023,217,2000
"40079",8058,7196,862,2000
"40081",6863,5790,1073,2000
"40083",9424,6218,3206,2000
"40085",1658,1393,265,2000
"40087",7180,5703,1477,2000
"40089",3691,5480,-1789,2000
"40091",4403,3240,1163,2000
"40093",1222,1886,-664,2000
"40095",2838,2480,358,2000
"40097",8291,5773,2518,2000
"40099",2643,1978,665,2000
"40101",11526,14176,-2650,2000
"40103",2093,2489,-396,2000
"40105",2198,1809,389,2000
"40107",2499,1915,584,2000
"40109",112288,128276,-15988,2000
"40111",8050,7278,772,2000
"40113",10283,9246,1037,2000
"40115",6367,6126,241,2000
"40117",3874,3317,557,2000
"40119",22524,19432,3092,2000
"40121",8832,7346,1486,2000
"40123",6716,7146,-430,2000
"40125",13935,13264,671,2000
"40127",2193,2112,81,2000
"40129",605,1040,-435,2000
"40131",17154,14260,2894,2000
"40133",4393,4072,321,2000
"40135",6920,5707,1213,2000
"40137",6263,7686,-1423,2000
"40139",4513,4882,-369,2000
"40141",1520,2794,-1274,2000
"40143",104699,102761,1938,2000
"40145",15853,10309,5544,2000
"40147",10014,8687,1327,2000
"40149",2646,2577,69,2000
"40151",2323,2102,221,2000
"40153",3750,4214,-464,2000
"41001",3682,3795,-113,2000
"41003",26210,23245,2965,2000
"41005",80465,68021,12444,2000
"41007",8449,8216,233,2000
"41009",9647,8504,1143,2000
"41011",12095,13270,-1175,2000
"41013",4975,3410,1565,2000
"41015",5774,5019,755,2000
"41017",34501,21124,13377,2000
"41019",17954,16353,1601,2000
"41021",504,325,179,2000
"41023",1554,2239,-685,2000
"41025",2016,1779,237,2000
"41027",3796,4651,-855,2000
"41029",37536,27838,9698,2000
"41031",5450,3714,1736,2000
"41033",15946,13349,2597,2000
"41035",14310,12613,1697,2000
"41037",1778,2195,-417,2000
"41039",61639,54220,7419,2000
"41041",11451,12103,-652,2000
"41043",20600,20399,201,2000
"41045",6798,7078,-280,2000
"41047",53300,51012,2288,2000
"41049",3173,1982,1191,2000
"41051",130037,155922,-25885,2000
"41053",18440,12361,6079,2000
"41055",379,457,-78,2000
"41057",5304,4737,567,2000
"41059",13695,12396,1299,2000
"41061",5553,6447,-894,2000
"41063",1366,1824,-458,2000
"41065",5246,4882,364,2000
"41067",111386,79300,32086,2000
"41069",456,463,-7,2000
"41071",20489,16046,4443,2000
"42001",17248,14095,3153,2000
"42003",113490,161247,-47757,2000
"42005",7754,9926,-2172,2000
"42007",16937,22191,-5254,2000
"42009",5062,4957,105,2000
"42011",44748,36061,8687,2000
"42013",10983,15361,-4378,2000
"42015",7156,8944,-1788,2000
"42017",92341,85811,6530,2000
"42019",27526,21971,5555,2000
"42021",13072,17263,-4191,2000
"42023",636,824,-188,2000
"42025",7231,8919,-1688,2000
"42027",41632,28895,12737,2000
"42029",86930,64799,22131,2000
"42031",7294,6414,880,2000
"42033",8900,9428,-528,2000
"42035",5751,4518,1233,2000
"42037",9658,8970,688,2000
"42039",12817,15034,-2217,2000
"42041",42890,34935,7955,2000
"42043",35460,40678,-5218,2000
"42045",73176,96305,-23129,2000
"42047",2291,3928,-1637,2000
"42049",26854,31645,-4791,2000
"42051",11439,13626,-2187,2000
"42053",1065,1075,-10,2000
"42055",15735,15942,-207,2000
"42057",1664,2079,-415,2000
"42059",4908,5718,-810,2000
"42061",6461,5725,736,2000
"42063",15135,12631,2504,2000
"42065",5202,6818,-1616,2000
"42067",2503,2584,-81,2000
"42069",17809,22718,-4909,2000
"42071",49511,49596,-85,2000
"42073",9702,11239,-1537,2000
"42075",14389,15757,-1368,2000
"42077",45581,50700,-5119,2000
"42079",24577,28444,-3867,2000
"42081",13857,16363,-2506,2000
"42083",5397,6494,-1097,2000
"42085",14595,15051,-456,2000
"42087",3628,4162,-534,2000
"42089",34070,21963,12107,2000
"42091",127311,115966,11345,2000
"42093",3319,4394,-1075,2000
"42095",44939,38308,6631,2000
"42097",10991,11001,-10,2000
"42099",5704,6739,-1035,2000
"42101",135266,229424,-94158,2000
"42103",13083,6257,6826,2000
"42105",2854,3698,-844,2000
"42107",14428,14976,-548,2000
"42109",5558,5637,-79,2000
"42111",6347,8617,-2270,2000
"42113",1179,1275,-96,2000
"42115",5415,10245,-4830,2000
"42117",6363,8407,-2044,2000
"42119",11021,7869,3152,2000
"42121",6556,7841,-1285,2000
"42123",4107,6556,-2449,2000
"42125",22698,25710,-3012,2000
"42127",7891,8802,-911,2000
"42129",38152,43494,-5342,2000
"42131",4401,5434,-1033,2000
"42133",50901,42391,8510,2000
"44001",8974,8047,927,2000
"44003",24932,26342,-1410,2000
"44005",17501,18424,-923,2000
"44007",71047,72741,-1694,2000
"44009",24908,18572,6336,2000
"45001",4078,3563,515,2000
"45003",20820,19661,1159,2000
"45005",1121,1623,-502,2000
"45007",23651,20574,3077,2000
"45009",2333,2278,55,2000
"45011",2329,2737,-408,2000
"45013",39033,27628,11405,2000
"45015",37911,27117,10794,2000
"45017",2534,2534,0,2000
"45019",66482,67696,-1214,2000
"45021",6725,5213,1512,2000
"45023",4631,3680,951,2000
"45025",5457,4764,693,2000
"45027",5162,4005,1157,2000
"45029",5833,5808,25,2000
"45031",8200,7709,491,2000
"45033",2975,4086,-1111,2000
"45035",26303,21854,4449,2000
"45037",4125,3035,1090,2000
"45039",2801,2434,367,2000
"45041",17857,18761,-904,2000
"45043",10397,8048,2349,2000
"45045",72579,57276,15303,2000
"45047",10619,9679,940,2000
"45049",2966,2957,9,2000
"45051",49584,26589,22995,2000
"45053",4489,2680,1809,2000
"45055",10275,6902,3373,2000
"45057",7747,7703,44,2000
"45059",11518,7813,3705,2000
"45061",2913,2257,656,2000
"45063",45256,30080,15176,2000
"45065",2656,1548,1108,2000
"45067",3625,5666,-2041,2000
"45069",3065,3437,-372,2000
"45071",4783,4185,598,2000
"45073",10545,8376,2169,2000
"45075",11477,12390,-913,2000
"45077",27183,20321,6862,2000
"45079",77396,70600,6796,2000
"45081",2596,2966,-370,2000
"45083",36004,26972,9032,2000
"45085",18123,19214,-1091,2000
"45087",2437,3327,-890,2000
"45089",3521,4935,-1414,2000
"45091",33345,20574,12771,2000
"46003",564,438,126,2000
"46005",2258,3982,-1724,2000
"46007",671,654,17,2000
"46009",1649,1184,465,2000
"46011",8711,8664,47,2000
"46013",6257,6802,-545,2000
"46015",1093,1160,-67,2000
"46017",294,405,-111,2000
"46019",1988,2592,-604,2000
"46021",136,366,-230,2000
"46023",1143,1871,-728,2000
"46025",589,701,-112,2000
"46027",5496,5154,342,2000
"46029",4465,5244,-779,2000
"46031",610,973,-363,2000
"46033",2217,1982,235,2000
"46035",4263,3929,334,2000
"46037",850,1330,-480,2000
"46039",673,951,-278,2000
"46041",1050,1316,-266,2000
"46043",417,661,-244,2000
"46045",700,615,85,2000
"46047",1666,2224,-558,2000
"46049",330,401,-71,2000
"46051",1211,1382,-171,2000
"46053",525,1139,-614,2000
"46055",331,550,-219,2000
"46057",852,1039,-187,2000
"46059",387,852,-465,2000
"46061",522,606,-84,2000
"46063",192,330,-138,2000
"46065",3443,4231,-788,2000
"46067",1155,1245,-90,2000
"46069",277,391,-114,2000
"46071",442,611,-169,2000
"46073",238,471,-233,2000
"46075",175,373,-198,2000
"46077",957,1052,-95,2000
"46079",2503,1993,510,2000
"46081",6337,6653,-316,2000
"46083",7755,4394,3361,2000
"46085",667,855,-188,2000
"46087",1204,1209,-5,2000
"46089",333,641,-308,2000
"46091",455,926,-471,2000
"46093",7555,7324,231,2000
"46095",401,437,-36,2000
"46097",377,650,-273,2000
"46099",29151,27600,1551,2000
"46101",1205,1365,-160,2000
"46103",19600,24519,-4919,2000
"46105",305,799,-494,2000
"46107",322,637,-315,2000
"46109",1557,1847,-290,2000
"46111",365,546,-181,2000
"46113",1321,1730,-409,2000
"46115",950,1557,-607,2000
"46117",735,906,-171,2000
"46119",278,251,27,2000
"46121",1233,2037,-804,2000
"46123",569,1157,-588,2000
"46125",1623,1674,-51,2000
"46127",3549,2475,1074,2000
"46129",1315,1361,-46,2000
"46135",4955,4478,477,2000
"46137",478,471,7,2000
"47001",11844,12359,-515,2000
"47003",6254,4414,1840,2000
"47005",2678,2519,159,2000
"47007",3248,1264,1984,2000
"47009",20051,11938,8113,2000
"47011",16173,12432,3741,2000
"47013",5048,3680,1368,2000
"47015",2342,1386,956,2000
"47017",5247,4695,552,2000
"47019",9136,6480,2656,2000
"47021",9446,6425,3021,2000
"47023",3636,2692,944,2000
"47025",4186,3044,1142,2000
"47027",1157,975,182,2000
"47029",4530,3888,642,2000
"47031",8894,8643,251,2000
"47033",2245,2093,152,2000
"47035",9798,5162,4636,2000
"47037",117663,134045,-16382,2000
"47039",1880,1725,155,2000
"47041",3006,2193,813,2000
"47043",7840,6486,1354,2000
"47045",5512,5100,412,2000
"47047",6677,4026,2651,2000
"47049",2161,1630,531,2000
"47051",7347,5356,1991,2000
"47053",6520,6474,46,2000
"47055",3919,3882,37,2000
"47057",3501,2659,842,2000
"47059",9340,5962,3378,2000
"47061",1771,1659,112,2000
"47063",9479,8547,932,2000
"47065",44914,45835,-921,2000
"47067",765,826,-61,2000
"47069",5684,3174,2510,2000
"47071",4346,2809,1537,2000
"47073",9290,6760,2530,2000
"47075",2395,2832,-437,2000
"47077",4131,3148,983,2000
"47079",5950,4536,1414,2000
"47081",5519,2585,2934,2000
"47083",1165,1030,135,2000
"47085",2871,2750,121,2000
"47087",2084,1083,1001,2000
"47089",11142,6563,4579,2000
"47091",2678,1773,905,2000
"47093",69863,65039,4824,2000
"47095",1741,1551,190,2000
"47097",4200,2767,1433,2000
"47099",4239,3744,495,2000
"47101",1952,1719,233,2000
"47103",4808,3929,879,2000
"47105",8666,5799,2867,2000
"47107",8154,5874,2280,2000
"47109",4145,3414,731,2000
"47111",3948,1940,2008,2000
"47113",17286,14563,2723,2000
"47115",3561,3204,357,2000
"47117",5381,3825,1556,2000
"47119",12689,9261,3428,2000
"47121",2736,1814,922,2000
"47123",7296,3976,3320,2000
"47125",37139,34320,2819,2000
"47127",1172,1031,141,2000
"47129",2690,2845,-155,2000
"47131",4591,4508,83,2000
"47133",3320,2166,1154,2000
"47135",1384,1001,383,2000
"47137",756,523,233,2000
"47139",2789,2199,590,2000
"47141",14763,11818,2945,2000
"47143",4565,4110,455,2000
"47145",8641,7019,1622,2000
"47147",11213,7885,3328,2000
"47149",49534,27722,21812,2000
"47151",2073,1782,291,2000
"47153",2031,1199,832,2000
"47155",15731,10133,5598,2000
"47157",109220,130262,-21042,2000
"47159",3360,1850,1510,2000
"47161",3045,2181,864,2000
"47163",21066,22460,-1394,2000
"47165",30420,20606,9814,2000
"47167",12284,7187,5097,2000
"47169",1584,1348,236,2000
"47171",2812,2677,135,2000
"47173",3307,2300,1007,2000
"47175",980,552,428,2000
"47177",4992,4031,961,2000
"47179",23026,17307,5719,2000
"47181",3595,1882,1713,2000
"47183",7118,5191,1927,2000
"47185",3119,2742,377,2000
"47187",41449,22396,19053,2000
"47189",21837,18231,3606,2000
"48001",10098,8390,1708,2000
"48003",1870,3477,-1607,2000
"48005",11367,11294,73,2000
"48007",6292,5241,1051,2000
"48009",2156,1915,241,2000
"48011",578,640,-62,2000
"48013",7403,5501,1902,2000
"48015",4838,4010,828,2000
"48017",985,1734,-749,2000
"48019",6283,2719,3564,2000
"48021",16322,8757,7565,2000
"48023",781,1156,-375,2000
"48025",10892,5571,5321,2000
"48027",67820,77912,-10092,2000
"48029",192866,207441,-14575,2000
"48031",2374,1430,944,2000
"48033",182,219,-37,2000
"48035",4087,3558,529,2000
"48037",17158,16750,408,2000
"48039",47396,34733,12663,2000
"48041",56937,46525,10412,2000
"48043",2646,3017,-371,2000
"48045",355,357,-2,2000
"48047",615,1805,-1190,2000
"48049",8021,7258,763,2000
"48051",3219,2538,681,2000
"48053",9696,5573,4123,2000
"48055",7981,5496,2485,2000
"48057",2644,3987,-1343,2000
"48059",3169,2433,736,2000
"48061",28173,43621,-15448,2000
"48063",2203,2340,-137,2000
"48065",1393,1941,-548,2000
"48067",4539,5922,-1383,2000
"48069",1086,1891,-805,2000
"48071",5986,4577,1409,2000
"48073",7540,6890,650,2000
"48075",1037,1208,-171,2000
"48077",2655,1537,1118,2000
"48079",512,1137,-625,2000
"48081",1080,642,438,2000
"48083",1845,2152,-307,2000
"48085",168743,83719,85024,2000
"48087",431,895,-464,2000
"48089",3040,3835,-795,2000
"48091",21819,14021,7798,2000
"48093",2587,2596,-9,2000
"48095",1648,735,913,2000
"48097",7895,6218,1677,2000
"48099",30776,26489,4287,2000
"48101",317,418,-101,2000
"48103",530,1192,-662,2000
"48105",551,813,-262,2000
"48107",1162,1674,-512,2000
"48109",432,1024,-592,2000
"48111",1444,1848,-404,2000
"48113",312593,402317,-89724,2000
"48115",3391,2871,520,2000
"48117",2301,4149,-1848,2000
"48119",1254,885,369,2000
"48121",147157,84839,62318,2000
"48123",3282,3773,-491,2000
"48125",643,646,-3,2000
"48127",919,1634,-715,2000
"48129",836,941,-105,2000
"48131",1682,2571,-889,2000
"48133",3720,3709,11,2000
"48135",13788,22523,-8735,2000
"48137",340,338,2,2000
"48139",26919,18275,8644,2000
"48141",57984,105774,-47790,2000
"48143",7833,9296,-1463,2000
"48145",3369,3507,-138,2000
"48147",8725,4286,4439,2000
"48149",3588,3447,141,2000
"48151",844,1085,-241,2000
"48153",1041,1693,-652,2000
"48155",298,456,-158,2000
"48157",92117,54194,37923,2000
"48159",2448,1878,570,2000
"48161",3250,3065,185,2000
"48163",1477,2121,-644,2000
"48165",1658,3012,-1354,2000
"48167",46914,46855,59,2000
"48169",1083,969,114,2000
"48171",4687,3537,1150,2000
"48173",212,319,-107,2000
"48175",1561,1168,393,2000
"48177",2433,4972,-2539,2000
"48179",3516,5199,-1683,2000
"48181",22092,16637,5455,2000
"48183",20377,25274,-4897,2000
"48185",5782,4110,1672,2000
"48187",24188,15418,8770,2000
"48189",6501,8108,-1607,2000
"48191",786,1196,-410,2000
"48193",1858,1628,230,2000
"48195",894,1354,-460,2000
"48197",738,1008,-270,2000
"48199",7926,9020,-1094,2000
"48201",372189,487081,-114892,2000
"48203",11915,12268,-353,2000
"48205",1829,1040,789,2000
"48207",1050,1338,-288,2000
"48209",38105,22529,15576,2000
"48211",640,607,33,2000
"48213",18180,11927,6253,2000
"48215",44262,57511,-13249,2000
"48217",6849,6185,664,2000
"48219",3920,5546,-1626,2000
"48221",12140,9749,2391,2000
"48223",5754,5280,474,2000
"48225",5507,4903,604,2000
"48227",7894,6497,1397,2000
"48229",541,506,35,2000
"48231",18741,14106,4635,2000
"48233",3586,5174,-1588,2000
"48235",483,429,54,2000
"48237",2463,1415,1048,2000
"48239",2099,2402,-303,2000
"48241",6282,6303,-21,2000
"48243",718,353,365,2000
"48245",34433,37016,-2583,2000
"48247",490,1008,-518,2000
"48249",4941,6109,-1168,2000
"48251",33065,19183,13882,2000
"48253",7615,3487,4128,2000
"48255",3091,2008,1083,2000
"48257",17850,17081,769,2000
"48259",7740,4658,3082,2000
"48261",80,137,-57,2000
"48263",206,333,-127,2000
"48265",11051,7644,3407,2000
"48267",860,825,35,2000
"48269",91,156,-65,2000
"48271",839,483,356,2000
"48273",6169,6931,-762,2000
"48275",608,1071,-463,2000
"48277",7869,7401,468,2000
"48279",1895,3142,-1247,2000
"48281",4245,4103,142,2000
"48283",762,2017,-1255,2000
"48285",2778,3039,-261,2000
"48287",3378,2620,758,2000
"48289",3456,3207,249,2000
"48291",17015,11402,5613,2000
"48293",3704,3823,-119,2000
"48295",695,914,-219,2000
"48297",2280,2616,-336,2000
"48299",5023,3200,1823,2000
"48301",21,31,-10,2000
"48303",48872,54305,-5433,2000
"48305",999,1377,-378,2000
"48307",1320,1641,-321,2000
"48309",40623,36801,3822,2000
"48311",126,135,-9,2000
"48313",4138,2425,1713,2000
"48315",2891,1691,1200,2000
"48317",700,970,-270,2000
"48319",736,678,58,2000
"48321",4617,8494,-3877,2000
"48323",3649,6600,-2951,2000
"48325",8310,6148,2162,2000
"48327",495,679,-184,2000
"48329",20430,26294,-5864,2000
"48331",4366,4033,333,2000
"48333",1061,1024,37,2000
"48335",2372,1954,418,2000
"48337",3846,3541,305,2000
"48339",83713,45198,38515,2000
"48341",3469,4655,-1186,2000
"48343",2328,2932,-604,2000
"48345",296,235,61,2000
"48347",14705,13157,1548,2000
"48349",7421,9440,-2019,2000
"48351",2587,3031,-444,2000
"48353",2907,3403,-496,2000
"48355",45264,56894,-11630,2000
"48357",1399,1746,-347,2000
"48359",798,787,11,2000
"48361",11482,13503,-2021,2000
"48363",5701,4416,1285,2000
"48365",3491,3688,-197,2000
"48367",26266,14785,11481,2000
"48369",1601,3432,-1831,2000
"48371",3643,4118,-475,2000
"48373",10711,7221,3490,2000
"48375",27790,29506,-1716,2000
"48377",1339,1706,-367,2000
"48379",3105,1418,1687,2000
"48381",26675,24480,2195,2000
"48383",403,1141,-738,2000
"48385",811,865,-54,2000
"48387",2382,2657,-275,2000
"48389",1879,2982,-1103,2000
"48391",1065,1423,-358,2000
"48393",290,463,-173,2000
"48395",3159,2706,453,2000
"48397",14689,9351,5338,2000
"48399",2305,2573,-268,2000
"48401",8444,7585,859,2000
"48403",2235,1933,302,2000
"48405",1445,1400,45,2000
"48407",6058,2636,3422,2000
"48409",14688,14554,134,2000
"48411",1297,1145,152,2000
"48413",441,893,-452,2000
"48415",2903,3953,-1050,2000
"48417",723,468,255,2000
"48419",3110,3557,-447,2000
"48421",824,753,71,2000
"48423",31400,27417,3983,2000
"48425",1947,1265,682,2000
"48427",2315,7680,-5365,2000
"48429",1868,3183,-1315,2000
"48431",195,440,-245,2000
"48433",241,371,-130,2000
"48435",496,1250,-754,2000
"48437",1581,3874,-2293,2000
"48439",272887,235254,37633,2000
"48441",30413,32454,-2041,2000
"48443",187,306,-119,2000
"48445",1821,2704,-883,2000
"48447",357,245,112,2000
"48449",4655,5842,-1187,2000
"48451",22008,22948,-940,2000
"48453",204855,173810,31045,2000
"48455",3269,2527,742,2000
"48457",4574,3788,786,2000
"48459",8165,6979,1186,2000
"48461",504,1317,-813,2000
"48463",4053,4333,-280,2000
"48465",6942,8904,-1962,2000
"48467",10997,7727,3270,2000
"48469",12071,13637,-1566,2000
"48471",22938,15269,7669,2000
"48473",10872,6539,4333,2000
"48475",1863,2496,-633,2000
"48477",5999,4683,1316,2000
"48479",12295,18030,-5735,2000
"48481",4599,6882,-2283,2000
"48483",1153,1101,52,2000
"48485",30525,31401,-876,2000
"48487",2540,2614,-74,2000
"48489",2006,4281,-2275,2000
"48491",90110,42441,47669,2000
"48493",8188,4507,3681,2000
"48495",1092,2111,-1019,2000
"48497",13926,8817,5109,2000
"48499",9307,7277,2030,2000
"48501",837,2281,-1444,2000
"48503",3416,3525,-109,2000
"48505",1134,1856,-722,2000
"48507",951,1994,-1043,2000
"49001",1234,1026,208,2000
"49003",7510,7436,74,2000
"49005",22979,20764,2215,2000
"49007",3749,3696,53,2000
"49009",343,385,-42,2000
"49011",51486,48849,2637,2000
"49013",2490,3278,-788,2000
"49015",1642,2080,-438,2000
"49017",948,776,172,2000
"49019",1944,2157,-213,2000
"49021",10805,7736,3069,2000
"49023",1977,1613,364,2000
"49025",1695,1540,155,2000
"49027",2074,2910,-836,2000
"49029",1816,1279,537,2000
"49031",254,343,-89,2000
"49033",374,375,-1,2000
"49035",122563,142079,-19516,2000
"49037",1995,2894,-899,2000
"49039",5820,3958,1862,2000
"49041",3575,3224,351,2000
"49043",9512,6750,2762,2000
"49045",13571,6402,7169,2000
"49047",4152,4820,-668,2000
"49049",81211,66357,14854,2000
"49051",4052,2503,1549,2000
"49053",26656,14604,12052,2000
"49055",570,611,-41,2000
"49057",35347,36603,-1256,2000
"50001",6879,5614,1265,2000
"50003",5578,7888,-2310,2000
"50005",4852,4505,347,2000
"50007",30353,28370,1983,2000
"50009",1272,1369,-97,2000
"50011",6159,5534,625,2000
"50013",1637,1197,440,2000
"50015",4780,3825,955,2000
"50017",4958,5027,-69,2000
"50019",3591,3561,30,2000
"50021",8034,9107,-1073,2000
"50023",9623,9114,509,2000
"50025",7466,7950,-484,2000
"50027",10675,10542,133,2000
"51001",5438,4583,855,2000
"51003",36350,32699,3651,2000
"51005",2316,3198,-882,2000
"51007",2329,1335,994,2000
"51009",5245,4295,950,2000
"51011",2187,1742,445,2000
"51013",95522,112084,-16562,2000
"51015",16082,12759,3323,2000
"51017",837,898,-61,2000
"51019",15783,9638,6145,2000
"51021",1226,929,297,2000
"51023",6691,9152,-2461,2000
"51025",4667,2518,2149,2000
"51027",2390,4006,-1616,2000
"51029",4073,1954,2119,2000
"51031",20285,19947,338,2000
"51033",4069,3903,166,2000
"51035",4139,4406,-267,2000
"51036",1008,1393,-385,2000
"51037",2182,1826,356,2000
"51041",58876,54448,4428,2000
"51043",3418,2535,883,2000
"51045",735,708,27,2000
"51047",8392,7049,1343,2000
"51049",1881,1607,274,2000
"51051",1612,1757,-145,2000
"51053",9640,11706,-2066,2000
"51057",1766,1893,-127,2000
"51059",209187,245825,-36638,2000
"51061",13470,12845,625,2000
"51063",2539,1561,978,2000
"51065",5636,2742,2894,2000
"51067",8964,4897,4067,2000
"51069",17080,14044,3036,2000
"51071",2107,2875,-768,2000
"51073",7904,6663,1241,2000
"51075",4520,3112,1408,2000
"51077",4778,2386,2392,2000
"51079",3767,2181,1586,2000
"51081",3389,2286,1103,2000
"51083",3849,4121,-272,2000
"51085",22769,13363,9406,2000
"51087",86882,91860,-4978,2000
"51089",6980,8656,-1676,2000
"51091",261,423,-162,2000
"51093",6645,5715,930,2000
"51095",21706,14725,6981,2000
"51097",1351,1208,143,2000
"51099",4324,3893,431,2000
"51101",2859,2519,340,2000
"51103",2137,1585,552,2000
"51105",2447,2783,-336,2000
"51107",60299,27568,32731,2000
"51109",5883,3051,2832,2000
"51111",2117,1513,604,2000
"51113",2222,2020,202,2000
"51115",2159,1571,588,2000
"51117",4996,4800,196,2000
"51119",2225,1974,251,2000
"51121",38600,27176,11424,2000
"51125",2665,2280,385,2000
"51127",3450,2372,1078,2000
"51131",1950,1783,167,2000
"51133",2580,2435,145,2000
"51135",3454,2309,1145,2000
"51137",6024,4572,1452,2000
"51139",2825,1933,892,2000
"51141",2994,2240,754,2000
"51143",10399,10800,-401,2000
"51145",6455,3054,3401,2000
"51147",5763,3390,2373,2000
"51149",14666,14110,556,2000
"51153",90786,81538,9248,2000
"51155",4657,5020,-363,2000
"51157",1292,1907,-615,2000
"51159",2188,1337,851,2000
"51161",33331,35829,-2498,2000
"51163",6706,5693,1013,2000
"51165",24804,16664,8140,2000
"51167",3549,3019,530,2000
"51169",2857,2168,689,2000
"51171",5955,4823,1132,2000
"51173",4174,3728,446,2000
"51175",4660,4084,576,2000
"51177",29146,19723,9423,2000
"51179",29196,20969,8227,2000
"51181",1209,992,217,2000
"51183",2632,1443,1189,2000
"51185",5140,6359,-1219,2000
"51187",6912,6119,793,2000
"51191",11773,9610,2163,2000
"51193",2726,3099,-373,2000
"51195",4568,6499,-1931,2000
"51197",3909,4009,-100,2000
"51199",21753,22120,-367,2000
"51550",121088,122522,-1434,2000
"51570",4052,3988,64,2000
"51650",41282,39612,1670,2000
"51700",47329,52544,-5215,2000
"51800",16645,9926,6719,2000
"51810",106326,127800,-21474,2000
"53001",2395,3604,-1209,2000
"53003",5152,4148,1004,2000
"53005",27900,27743,157,2000
"53007",11918,14425,-2507,2000
"53009",12672,12063,609,2000
"53011",77002,50423,26579,2000
"53013",875,1284,-409,2000
"53015",14572,14270,302,2000
"53017",7754,6149,1605,2000
"53019",1758,1946,-188,2000
"53021",9285,10886,-1601,2000
"53023",450,618,-168,2000
"53025",12555,11603,952,2000
"53027",10304,11450,-1146,2000
"53029",23174,21309,1865,2000
"53031",7041,5294,1747,2000
"53033",289190,320489,-31299,2000
"53035",55596,54195,1401,2000
"53037",11116,8558,2558,2000
"53039",4199,4180,19,2000
"53041",12474,11814,660,2000
"53043",2364,2115,249,2000
"53045",13060,9582,3478,2000
"53047",6925,7401,-476,2000
"53049",4213,5134,-921,2000
"53051",2712,3060,-348,2000
"53053",141303,120669,20634,2000
"53055",3927,3144,783,2000
"53057",20514,17687,2827,2000
"53059",2646,2420,226,2000
"53061",130821,91913,38908,2000
"53063",68906,69536,-630,2000
"53065",9473,7817,1656,2000
"53067",46692,38256,8436,2000
"53069",921,674,247,2000
"53071",11375,12572,-1197,2000
"53073",37244,26263,10981,2000
"53075",16793,16309,484,2000
"53077",21881,32819,-10938,2000
"54001",2303,2385,-82,2000
"54003",15762,9262,6500,2000
"54005",2957,3448,-491,2000
"54007",1900,1531,369,2000
"54009",3504,3413,91,2000
"54011",16900,18253,-1353,2000
"54013",1125,1154,-29,2000
"54015",1476,1368,108,2000
"54017",1496,989,507,2000
"54019",6779,7508,-729,2000
"54021",1611,1243,368,2000
"54023",1395,1491,-96,2000
"54025",4625,4843,-218,2000
"54027",3382,2823,559,2000
"54029",3887,4898,-1011,2000
"54031",1974,1485,489,2000
"54033",7363,9559,-2196,2000
"54035",3976,3429,547,2000
"54037",9675,7453,2222,2000
"54039",21529,29939,-8410,2000
"54041",2334,2677,-343,2000
"54043",2397,1969,428,2000
"54045",3256,5470,-2214,2000
"54047",1651,4931,-3280,2000
"54049",6893,8134,-1241,2000
"54051",3798,4400,-602,2000
"54053",2898,2623,275,2000
"54055",7828,8046,-218,2000
"54057",3484,3371,113,2000
"54059",2196,5309,-3113,2000
"54061",22985,18242,4743,2000
"54063",3203,1843,1360,2000
"54065",3098,2103,995,2000
"54067",3052,3734,-682,2000
"54069",7489,7686,-197,2000
"54071",1196,1225,-29,2000
"54073",1130,1227,-97,2000
"54075",1345,1292,53,2000
"54077",3100,3750,-650,2000
"54079",10515,9007,1508,2000
"54081",11241,11050,191,2000
"54083",4093,4055,38,2000
"54085",1257,1523,-266,2000
"54087",2464,2381,83,2000
"54089",1921,1948,-27,2000
"54091",2614,1956,658,2000
"54093",692,1087,-395,2000
"54095",1547,1547,0,2000
"54097",3454,3013,441,2000
"54099",5615,6078,-463,2000
"54101",1063,1516,-453,2000
"54103",1984,2889,-905,2000
"54105",1074,924,150,2000
"54107",10160,12378,-2218,2000
"54109",1994,3536,-1542,2000
"55001",5155,2492,2663,2000
"55003",2810,3825,-1015,2000
"55005",7387,7144,243,2000
"55007",2635,2469,166,2000
"55009",34046,32409,1637,2000
"55011",2376,1887,489,2000
"55013",3342,2278,1064,2000
"55015",8830,7097,1733,2000
"55017",8437,7878,559,2000
"55019",5057,6387,-1330,2000
"55021",10848,9572,1276,2000
"55023",3225,2500,725,2000
"55025",85273,76903,8370,2000
"55027",16282,16154,128,2000
"55029",4311,4458,-147,2000
"55031",6221,6608,-387,2000
"55033",10568,8518,2050,2000
"55035",21626,18886,2740,2000
"55037",852,923,-71,2000
"55039",13982,14280,-298,2000
"55041",1814,2382,-568,2000
"55043",9080,8943,137,2000
"55045",5692,5436,256,2000
"55047",3530,3589,-59,2000
"55049",3973,3667,306,2000
"55051",1393,1163,230,2000
"55053",3773,2857,916,2000
"55055",14630,13678,952,2000
"55057",4155,4456,-301,2000
"55059",26393,22479,3914,2000
"55061",3086,2660,426,2000
"55063",22080,18300,3780,2000
"55065",2374,2641,-267,2000
"55067",2955,3423,-468,2000
"55069",3938,4555,-617,2000
"55071",9017,9935,-918,2000
"55073",16345,17198,-853,2000
"55075",7152,7199,-47,2000
"55077",4110,3424,686,2000
"55078",656,1240,-584,2000
"55079",101758,149723,-47965,2000
"55081",6455,6398,57,2000
"55083",7016,4665,2351,2000
"55085",7289,6088,1201,2000
"55087",28152,28115,37,2000
"55089",16730,15382,1348,2000
"55091",1378,1079,299,2000
"55093",9382,7078,2304,2000
"55095",7183,6196,987,2000
"55097",13646,11996,1650,2000
"55099",2350,2768,-418,2000
"55101",26873,30719,-3846,2000
"55103",3227,2879,348,2000
"55105",20253,21684,-1431,2000
"55107",2590,2758,-168,2000
"55109",13745,10095,3650,2000
"55111",9230,8677,553,2000
"55113",2972,3044,-72,2000
"55115",7391,6042,1349,2000
"55117",13937,14025,-88,2000
"55119",2397,3529,-1132,2000
"55121",3969,4480,-511,2000
"55123",4705,4651,54,2000
"55125",4525,3939,586,2000
"55127",23570,16256,7314,2000
"55129",3114,3883,-769,2000
"55131",21217,20332,885,2000
"55133",70667,61439,9228,2000
"55135",8121,8484,-363,2000
"55137",4870,3431,1439,2000
"55139",31229,26161,5068,2000
"55141",8751,12930,-4179,2000
"56001",12609,12280,329,2000
"56003",2362,2648,-286,2000
"56005",6814,6679,135,2000
"56007",3768,4205,-437,2000
"56009",2558,3912,-1354,2000
"56011",1154,1290,-136,2000
"56013",6126,6996,-870,2000
"56015",2788,2440,348,2000
"56017",1159,898,261,2000
"56019",2076,1222,854,2000
"56021",18294,20328,-2034,2000
"56023",3269,3844,-575,2000
"56025",11551,14703,-3152,2000
"56027",513,684,-171,2000
"56029",6122,6105,17,2000
"56031",1702,1827,-125,2000
"56033",6135,5630,505,2000
"56035",1494,1076,418,2000
"56037",5865,9517,-3652,2000
"56039",5805,6445,-640,2000
"56041",3871,5262,-1391,2000
"56043",1605,1922,-317,2000
"56045",1120,1374,-254,2000
"01001",3696,3127,569,2010
"01003",13843,8888,4955,2010
"01005",2764,2416,348,2010
"01007",1549,1878,-329,2010
"01009",3350,2488,862,2010
"01011",628,778,-150,2010
"01013",517,1099,-582,2010
"01015",6906,6405,501,2010
"01017",1908,1955,-47,2010
"01019",1306,1178,128,2010
"01021",1764,1950,-186,2010
"01023",513,776,-263,2010
"01025",1044,1918,-874,2010
"01027",998,1163,-165,2010
"01029",1066,576,490,2010
"01031",5457,4355,1102,2010
"01033",3728,2281,1447,2010
"01035",239,780,-541,2010
"01037",919,1045,-126,2010
"01039",1672,1676,-4,2010
"01041",709,676,33,2010
"01043",4934,3593,1341,2010
"01045",7424,5030,2394,2010
"01047",1994,1974,20,2010
"01049",3009,2903,106,2010
"01051",8329,5192,3137,2010
"01053",2238,2507,-269,2010
"01055",6450,5023,1427,2010
"01057",1140,1252,-112,2010
"01059",1669,1921,-252,2010
"01061",1432,1385,47,2010
"01063",325,349,-24,2010
"01065",997,1261,-264,2010
"01067",904,1150,-246,2010
"01069",5829,5158,671,2010
"01071",2086,2747,-661,2010
"01073",31784,34699,-2915,2010
"01075",817,568,249,2010
"01077",5767,4368,1399,2010
"01079",1398,2146,-748,2010
"01081",16611,10428,6183,2010
"01083",5759,3364,2395,2010
"01085",496,870,-374,2010
"01087",2120,1671,449,2010
"01089",23691,17115,6576,2010
"01091",1283,1260,23,2010
"01093",1776,1547,229,2010
"01095",5281,4937,344,2010
"01097",15606,16930,-1324,2010
"01099",919,874,45,2010
"01101",16411,15756,655,2010
"01103",6000,6482,-482,2010
"01105",835,1022,-187,2010
"01107",619,758,-139,2010
"01109",3376,2267,1109,2010
"01111",1473,1029,444,2010
"01113",4335,6138,-1803,2010
"01115",5194,3795,1399,2010
"01117",15166,11041,4125,2010
"01119",320,797,-477,2010
"01121",5109,4394,715,2010
"01123",2433,1800,633,2010
"01125",16487,8738,7749,2010
"01127",2917,2573,344,2010
"01129",821,799,22,2010
"01131",295,507,-212,2010
"01133",1376,1142,234,2010
"02013",732,356,376,2010
"02016",1522,1277,245,2010
"02020",25039,39323,-14284,2010
"02050",812,745,67,2010
"02060",77,66,11,2010
"02068",150,825,-675,2010
"02070",385,370,15,2010
"02090",11367,15265,-3898,2010
"02100",185,340,-155,2010
"02105",93,130,-37,2010
"02110",3182,2789,393,2010
"02122",4130,5229,-1099,2010
"02130",951,1591,-640,2010
"02150",1588,1932,-344,2010
"02164",188,100,88,2010
"02170",8387,7605,782,2010
"02180",833,714,119,2010
"02185",404,1006,-602,2010
"02188",375,416,-41,2010
"02195",308,659,-351,2010
"02198",449,441,8,2010
"02220",836,740,96,2010
"02230",230,280,-50,2010
"02240",1066,878,188,2010
"02261",1107,1159,-52,2010
"02270",437,463,-26,2010
"02275",261,225,36,2010
"02282",20,4,16,2010
"02290",547,667,-120,2010
"04001",3254,4330,-1076,2010
"04003",14731,12419,2312,2010
"04005",11785,12056,-271,2010
"04007",3562,3478,84,2010
"04009",3333,3125,208,2010
"04011",843,616,227,2010
"04012",1303,1236,67,2010
"04013",228244,160186,68058,2010
"04015",18726,12738,5988,2010
"04017",7759,7623,136,2010
"04019",66455,42909,23546,2010
"04021",47006,22758,24248,2010
"04023",1110,1436,-326,2010
"04025",16204,13621,2583,2010
"04027",14610,8274,6336,2010
"05001",892,1779,-887,2010
"05003",998,1324,-326,2010
"05005",3546,2426,1120,2010
"05007",18743,11900,6843,2010
"05009",2451,2646,-195,2010
"05011",438,1036,-598,2010
"05013",322,307,15,2010
"05015",1606,1385,221,2010
"05017",829,889,-60,2010
"05019",3565,2187,1378,2010
"05021",716,1302,-586,2010
"05023",2252,1972,280,2010
"05025",416,207,209,2010
"05027",1662,1509,153,2010
"05029",1303,1328,-25,2010
"05031",7245,5561,1684,2010
"05033",4573,4312,261,2010
"05035",3663,2967,696,2010
"05037",959,1281,-322,2010
"05039",778,628,150,2010
"05041",505,1208,-703,2010
"05043",1832,1419,413,2010
"05045",11688,7264,4424,2010
"05047",976,1121,-145,2010
"05049",729,1006,-277,2010
"05051",6470,5384,1086,2010
"05053",1441,975,466,2010
"05055",2445,2153,292,2010
"05057",1615,1810,-195,2010
"05059",2576,2076,500,2010
"05061",709,1016,-307,2010
"05063",2635,1850,785,2010
"05065",1140,951,189,2010
"05067",2538,1197,1341,2010
"05069",5789,4806,983,2010
"05071",1456,1073,383,2010
"05073",352,726,-374,2010
"05075",978,1068,-90,2010
"05077",1148,1127,21,2010
"05079",1268,1090,178,2010
"05081",719,728,-9,2010
"05083",1500,1709,-209,2010
"05085",5732,4964,768,2010
"05087",1144,618,526,2010
"05089",1297,1321,-24,2010
"05091",4893,3671,1222,2010
"05093",2573,3256,-683,2010
"05095",257,693,-436,2010
"05097",770,526,244,2010
"05099",516,875,-359,2010
"05101",452,397,55,2010
"05103",1569,1468,101,2010
"05105",600,353,247,2010
"05107",1318,1529,-211,2010
"05109",868,369,499,2010
"05111",1661,1741,-80,2010
"05113",1151,1125,26,2010
"05115",4733,3398,1335,2010
"05117",455,374,81,2010
"05119",25055,25547,-492,2010
"05121",978,1230,-252,2010
"05123",1710,1782,-72,2010
"05125",7204,6387,817,2010
"05127",549,764,-215,2010
"05129",345,987,-642,2010
"05131",7798,8025,-227,2010
"05133",911,698,213,2010
"05135",1370,1608,-238,2010
"05137",847,1134,-287,2010
"05139",1955,2420,-465,2010
"05141",1254,933,321,2010
"05143",19762,13776,5986,2010
"05145",7118,4274,2844,2010
"05147",191,1081,-890,2010
"05149",1231,1596,-365,2010
"06001",95694,87532,8162,2010
"06003",82,233,-151,2010
"06005",3378,3168,210,2010
"06007",17031,12400,4631,2010
"06009",2371,2640,-269,2010
"06011",1807,1531,276,2010
"06013",55022,52968,2054,2010
"06015",2600,2268,332,2010
"06017",11444,11086,358,2010
"06019",34201,32593,1608,2010
"06021",1491,1927,-436,2010
"06023",8970,7086,1884,2010
"06025",10370,8435,1935,2010
"06027",1566,1373,193,2010
"06029",56838,37945,18893,2010
"06031",16121,10462,5659,2010
"06033",4191,3579,612,2010
"06035",6213,4795,1418,2010
"06037",287804,372770,-84966,2010
"06039",11713,9223,2490,2010
"06041",19675,14737,4938,2010
"06043",1253,1091,162,2010
"06045",3882,5283,-1401,2010
"06047",11967,12882,-915,2010
"06049",891,243,648,2010
"06051",2125,1091,1034,2010
"06053",27032,26217,815,2010
"06055",8408,7077,1331,2010
"06057",6274,6074,200,2010
"06059",140010,139916,94,2010
"06061",25610,19572,6038,2010
"06063",1510,1308,202,2010
"06065",144124,98196,45928,2010
"06067",82918,73152,9766,2010
"06069",3955,2991,964,2010
"06071",129657,109157,20500,2010
"06073",175935,157146,18789,2010
"06075",56560,63451,-6891,2010
"06077",38447,31107,7340,2010
"06079",25097,15749,9348,2010
"06081",43915,40812,3103,2010
"06083",30598,27218,3380,2010
"06085",87860,80730,7130,2010
"06087",17375,17813,-438,2010
"06089",9018,9234,-216,2010
"06091",219,275,-56,2010
"06093",3139,3163,-24,2010
"06095",26742,27922,-1180,2010
"06097",20698,20535,163,2010
"06099",24018,25590,-1572,2010
"06101",6898,6449,449,2010
"06103",3884,3780,104,2010
"06105",975,802,173,2010
"06107",15880,16161,-281,2010
"06109",6493,4370,2123,2010
"06111",38886,39045,-159,2010
"06113",22665,15243,7422,2010
"06115",8396,6486,1910,2010
"08001",40451,31390,9061,2010
"08003",2047,1649,398,2010
"08005",53202,48257,4945,2010
"08007",819,1059,-240,2010
"08009",177,579,-402,2010
"08011",1246,837,409,2010
"08013",32832,25739,7093,2010
"08014",6935,6323,612,2010
"08015",2201,2266,-65,2010
"08017",44,116,-72,2010
"08019",953,719,234,2010
"08021",419,1003,-584,2010
"08023",199,188,11,2010
"08025",1717,1371,346,2010
"08027",372,452,-80,2010
"08029",2534,1665,869,2010
"08031",60970,68442,-7472,2010
"08033",163,54,109,2010
"08035",28369,18032,10337,2010
"08037",4403,3790,613,2010
"08039",2070,1849,221,2010
"08041",57785,44381,13404,2010
"08043",5827,4699,1128,2010
"08045",4839,4726,113,2010
"08047",531,366,165,2010
"08049",903,1384,-481,2010
"08051",1722,1883,-161,2010
"08053",2,67,-65,2010
"08055",1040,569,471,2010
"08057",91,127,-36,2010
"08059",46411,44814,1597,2010
"08061",65,132,-67,2010
"08063",995,430,565,2010
"08065",849,1162,-313,2010
"08067",5022,4377,645,2010
"08069",26882,22968,3914,2010
"08071",1325,1508,-183,2010
"08073",843,556,287,2010
"08075",2560,2165,395,2010
"08077",10833,8243,2590,2010
"08079",54,124,-70,2010
"08081",997,1000,-3,2010
"08083",1649,1194,455,2010
"08085",3574,2345,1229,2010
"08087",1621,1977,-356,2010
"08089",1794,1307,487,2010
"08091",608,515,93,2010
"08093",2369,1505,864,2010
"08095",157,360,-203,2010
"08097",1459,1483,-24,2010
"08099",1180,855,325,2010
"08101",9611,8066,1545,2010
"08103",555,718,-163,2010
"08105",710,812,-102,2010
"08107",2234,3133,-899,2010
"08109",566,465,101,2010
"08111",58,87,-29,2010
"08113",819,603,216,2010
"08115",176,215,-39,2010
"08117",2518,3027,-509,2010
"08119",2122,2765,-643,2010
"08121",528,214,314,2010
"08123",19600,16437,3163,2010
"08125",605,681,-76,2010
"09001",39321,42791,-3470,2010
"09003",37019,37170,-151,2010
"09005",7396,9151,-1755,2010
"09007",9479,8975,504,2010
"09009",37083,38041,-958,2010
"09011",18585,16693,1892,2010
"09013",13866,9429,4437,2010
"09015",7345,6072,1273,2010
"10001",9389,9128,261,2010
"10003",30950,22826,8124,2010
"10005",10261,7180,3081,2010
"11001",53402,60470,-7068,2010
"12001",27290,22781,4509,2010
"12003",2366,1212,1154,2010
"12005",14567,12592,1975,2010
"12007",3069,2333,736,2010
"12009",31444,28138,3306,2010
"12011",107006,94553,12453,2010
"12013",1793,893,900,2010
"12015",12536,10765,1771,2010
"12017",9221,6833,2388,2010
"12019",16438,11407,5031,2010
"12021",19273,17539,1734,2010
"12023",7262,5469,1793,2010
"12027",2640,2302,338,2010
"12029",877,1287,-410,2010
"12031",56588,52197,4391,2010
"12033",30365,27380,2985,2010
"12035",8093,5290,2803,2010
"12037",1289,955,334,2010
"12039",3693,2788,905,2010
"12041",1922,1305,617,2010
"12043",856,904,-48,2010
"12045",2008,1281,727,2010
"12047",2289,1776,513,2010
"12049",2026,1577,449,2010
"12051",5049,2068,2981,2010
"12053",14997,9563,5434,2010
"12055",6189,4384,1805,2010
"12057",80041,76764,3277,2010
"12059",1910,1506,404,2010
"12061",9662,7774,1888,2010
"12063",5639,3342,2297,2010
"12065",811,1567,-756,2010
"12067",753,999,-246,2010
"12069",26617,17742,8875,2010
"12071",43946,27795,16151,2010
"12073",26535,19126,7409,2010
"12075",3511,2399,1112,2010
"12077",1248,797,451,2010
"12079",2182,1073,1109,2010
"12081",22853,18563,4290,2010
"12083",24431,15307,9124,2010
"12085",11234,9930,1304,2010
"12086",97201,105901,-8700,2010
"12087",5278,7352,-2074,2010
"12089",4129,3184,945,2010
"12091",17881,16724,1157,2010
"12093",3146,3850,-704,2010
"12095",87558,90767,-3209,2010
"12097",27143,21564,5579,2010
"12099",74631,62065,12566,2010
"12101",43199,25963,17236,2010
"12103",49842,46170,3672,2010
"12105",42453,30062,12391,2010
"12107",4440,4500,-60,2010
"12109",17333,11457,5876,2010
"12111",19609,15276,4333,2010
"12113",15814,12238,3576,2010
"12115",27050,22015,5035,2010
"12117",35561,32464,3097,2010
"12119",8132,5785,2347,2010
"12121",3267,2458,809,2010
"12123",1561,1861,-300,2010
"12125",2202,2308,-106,2010
"12127",35738,28402,7336,2010
"12129",2873,2289,584,2010
"12131",7015,3785,3230,2010
"12133",1534,1677,-143,2010
"13001",508,1831,-1323,2010
"13003",486,529,-43,2010
"13005",1311,391,920,2010
"13007",10,181,-171,2010
"13009",4052,4085,-33,2010
"13011",1057,890,167,2010
"13013",5292,4957,335,2010
"13015",6284,6593,-309,2010
"13017",1106,993,113,2010
"13019",1144,1694,-550,2010
"13021",11418,10512,906,2010
"13023",829,357,472,2010
"13025",878,955,-77,2010
"13027",1342,695,647,2010
"13029",3654,3387,267,2010
"13031",10139,4571,5568,2010
"13033",978,933,45,2010
"13035",3205,3115,90,2010
"13037",967,577,390,2010
"13039",4849,5726,-877,2010
"13043",493,615,-122,2010
"13045",9214,7679,1535,2010
"13047",5084,4997,87,2010
"13049",1259,1285,-26,2010
"13051",16877,20137,-3260,2010
"13053",7046,2923,4123,2010
"13055",1409,1278,131,2010
"13057",16770,12745,4025,2010
"13059",14807,15064,-257,2010
"13061",154,276,-122,2010
"13063",31724,25273,6451,2010
"13065",385,522,-137,2010
"13067",66614,51706,14908,2010
"13069",1556,2729,-1173,2010
"13071",2919,1899,1020,2010
"13073",9152,8087,1065,2010
"13075",1192,857,335,2010
"13077",9310,6702,2608,2010
"13079",487,964,-477,2010
"13081",1246,1105,141,2010
"13083",1565,1156,409,2010
"13085",3026,1638,1388,2010
"13087",1863,1600,263,2010
"13089",81512,63523,17989,2010
"13091",1094,971,123,2010
"13093",800,682,118,2010
"13095",10559,6660,3899,2010
"13097",17141,10374,6767,2010
"13099",122,516,-394,2010
"13101",378,88,290,2010
"13103",4217,2546,1671,2010
"13105",917,773,144,2010
"13107",1404,1768,-364,2010
"13109",1067,812,255,2010
"13111",840,1057,-217,2010
"13113",9115,9818,-703,2010
"13115",6032,4931,1101,2010
"13117",13005,9522,3483,2010
"13119",1039,1538,-499,2010
"13121",100090,106267,-6177,2010
"13123",1900,1480,420,2010
"13125",135,123,12,2010
"13127",6053,4388,1665,2010
"13129",2618,3073,-455,2010
"13131",1690,1633,57,2010
"13133",1099,1032,67,2010
"13135",64458,52453,12005,2010
"13137",3475,2023,1452,2010
"13139",10903,8708,2195,2010
"13141",525,565,-40,2010
"13143",2631,1903,728,2010
"13145",2780,2041,739,2010
"13147",1333,1054,279,2010
"13149",1046,656,390,2010
"13151",20223,15087,5136,2010
"13153",11006,8838,2168,2010
"13155",1774,543,1231,2010
"13157",4747,3676,1071,2010
"13159",1039,846,193,2010
"13161",1156,812,344,2010
"13163",626,878,-252,2010
"13165",196,635,-439,2010
"13167",904,754,150,2010
"13169",1675,1585,90,2010
"13171",1915,1940,-25,2010
"13173",912,918,-6,2010
"13175",1700,2026,-326,2010
"13177",3192,1603,1589,2010
"13179",13002,8836,4166,2010
"13181",272,422,-150,2010
"13183",2751,1178,1573,2010
"13185",10496,8965,1531,2010
"13187",3014,2090,924,2010
"13189",1249,1475,-226,2010
"13191",581,460,121,2010
"13193",629,580,49,2010
"13195",1654,1986,-332,2010
"13197",370,202,168,2010
"13199",1813,1238,575,2010
"13201",274,531,-257,2010
"13205",1097,1671,-574,2010
"13207",2074,2063,11,2010
"13209",881,686,195,2010
"13211",1135,1023,112,2010
"13213",1717,1955,-238,2010
"13215",26704,14976,11728,2010
"13217",9606,5983,3623,2010
"13219",2691,1553,1138,2010
"13221",472,957,-485,2010
"13223",11139,10107,1032,2010
"13225",3111,1853,1258,2010
"13227",1747,1958,-211,2010
"13229",2261,1194,1067,2010
"13231",1697,1223,474,2010
"13233",2123,2660,-537,2010
"13235",476,558,-82,2010
"13237",1116,853,263,2010
"13239",104,190,-86,2010
"13241",901,1265,-364,2010
"13243",517,866,-349,2010
"13245",21145,19247,1898,2010
"13247",9251,10012,-761,2010
"13249",308,112,196,2010
"13251",738,591,147,2010
"13253",453,998,-545,2010
"13255",4319,6375,-2056,2010
"13257",1609,1209,400,2010
"13259",166,774,-608,2010
"13261",1548,2648,-1100,2010
"13263",318,308,10,2010
"13265",237,121,116,2010
"13267",2795,1834,961,2010
"13269",768,563,205,2010
"13271",518,846,-328,2010
"13273",590,841,-251,2010
"13275",3139,3018,121,2010
"13277",3559,2078,1481,2010
"13279",1605,2243,-638,2010
"13281",885,371,514,2010
"13283",570,561,9,2010
"13285",4736,4035,701,2010
"13287",655,895,-240,2010
"13289",424,719,-295,2010
"13291",1554,905,649,2010
"13293",1829,1201,628,2010
"13295",5396,4098,1298,2010
"13297",7496,4706,2790,2010
"13299",2700,3169,-469,2010
"13301",183,265,-82,2010
"13303",821,1369,-548,2010
"13305",2421,2047,374,2010
"13307",238,328,-90,2010
"13309",647,477,170,2010
"13311",906,1324,-418,2010
"13313",4316,4439,-123,2010
"13315",753,371,382,2010
"13317",417,426,-9,2010
"13319",435,753,-318,2010
"13321",1599,1186,413,2010
"15001",9751,8768,983,2010
"15003",62866,51971,10895,2010
"15005",6,22,-16,2010
"15007",2900,2183,717,2010
"15009",8388,7548,840,2010
"16001",31844,24407,7437,2010
"16003",346,417,-71,2010
"16005",6970,5999,971,2010
"16007",525,487,38,2010
"16009",671,273,398,2010
"16011",2842,3396,-554,2010
"16013",2059,1518,541,2010
"16015",591,780,-189,2010
"16017",2622,2772,-150,2010
"16019",7652,5735,1917,2010
"16021",896,628,268,2010
"16023",303,199,104,2010
"16025",55,62,-7,2010
"16027",16019,10697,5322,2010
"16029",498,282,216,2010
"16031",1695,1819,-124,2010
"16033",43,33,10,2010
"16035",687,924,-237,2010
"16037",307,432,-125,2010
"16039",3216,2735,481,2010
"16041",1164,1165,-1,2010
"16043",834,852,-18,2010
"16045",1393,1356,37,2010
"16047",909,952,-43,2010
"16049",1290,929,361,2010
"16051",2355,2049,306,2010
"16053",1387,1572,-185,2010
"16055",8670,7406,1264,2010
"16057",6759,4857,1902,2010
"16059",530,652,-122,2010
"16061",451,447,4,2010
"16063",297,582,-285,2010
"16065",8254,7354,900,2010
"16067",1055,1356,-301,2010
"16069",3555,2740,815,2010
"16071",332,227,105,2010
"16073",1221,790,431,2010
"16075",1905,2498,-593,2010
"16077",444,439,5,2010
"16079",1036,570,466,2010
"16081",936,477,459,2010
"16083",4800,4946,-146,2010
"16085",1024,1160,-136,2010
"16087",1080,711,369,2010
"17001",2906,3129,-223,2010
"17003",718,860,-142,2010
"17005",1589,1227,362,2010
"17007",3464,2682,782,2010
"17009",1611,451,1160,2010
"17011",1493,1835,-342,2010
"17013",131,156,-25,2010
"17015",893,900,-7,2010
"17017",1336,745,591,2010
"17019",23598,15118,8480,2010
"17021",1895,1548,347,2010
"17023",1044,1157,-113,2010
"17025",314,638,-324,2010
"17027",2634,2476,158,2010
"17029",7038,4064,2974,2010
"17031",180146,236411,-56265,2010
"17033",1505,1244,261,2010
"17035",714,443,271,2010
"17037",14666,6714,7952,2010
"17039",1026,862,164,2010
"17041",969,1206,-237,2010
"17043",56286,56043,243,2010
"17045",922,1090,-168,2010
"17047",246,398,-152,2010
"17049",1078,1719,-641,2010
"17051",719,1035,-316,2010
"17053",940,1065,-125,2010
"17055",1911,1783,128,2010
"17057",2318,1659,659,2010
"17059",322,430,-108,2010
"17061",565,934,-369,2010
"17063",3255,2826,429,2010
"17065",354,306,48,2010
"17067",789,881,-92,2010
"17069",181,358,-177,2010
"17071",208,383,-175,2010
"17073",2809,2350,459,2010
"17075",1818,1574,244,2010
"17077",10007,4941,5066,2010
"17079",731,528,203,2010
"17081",2265,2037,228,2010
"17083",1158,1227,-69,2010
"17085",896,1566,-670,2010
"17087",2636,1206,1430,2010
"17089",31918,26159,5759,2010
"17091",7846,6336,1510,2010
"17093",8989,5262,3727,2010
"17095",2787,3106,-319,2010
"17097",41105,42250,-1145,2010
"17099",4482,4434,48,2010
"17101",1722,1057,665,2010
"17103",1991,2446,-455,2010
"17105",3053,1944,1109,2010
"17107",4382,2158,2224,2010
"17109",5855,2283,3572,2010
"17111",14206,15576,-1370,2010
"17113",16332,10121,6211,2010
"17115",5320,5788,-468,2010
"17117",2366,2137,229,2010
"17119",13356,13277,79,2010
"17121",1708,3093,-1385,2010
"17123",542,962,-420,2010
"17125",615,951,-336,2010
"17127",879,795,84,2010
"17129",775,1051,-276,2010
"17131",462,1104,-642,2010
"17133",2037,1588,449,2010
"17135",2057,2613,-556,2010
"17137",3110,2274,836,2010
"17139",803,1218,-415,2010
"17141",3084,3039,45,2010
"17143",10586,10968,-382,2010
"17145",2024,1580,444,2010
"17147",821,794,27,2010
"17149",1003,678,325,2010
"17151",397,312,85,2010
"17153",345,526,-181,2010
"17155",326,181,145,2010
"17157",2709,2871,-162,2010
"17159",531,658,-127,2010
"17161",8204,8633,-429,2010
"17163",15578,16453,-875,2010
"17165",1113,1420,-307,2010
"17167",9980,10423,-443,2010
"17169",405,705,-300,2010
"17171",202,467,-265,2010
"17173",866,1023,-157,2010
"17175",274,266,8,2010
"17177",1790,1805,-15,2010
"17179",7864,6303,1561,2010
"17181",863,767,96,2010
"17183",3400,4836,-1436,2010
"17185",689,336,353,2010
"17187",1031,888,143,2010
"17189",674,996,-322,2010
"17191",542,806,-264,2010
"17193",599,616,-17,2010
"17195",2466,3082,-616,2010
"17197",38722,35356,3366,2010
"17199",5179,3479,1700,2010
"17201",12984,12869,115,2010
"17203",2525,2369,156,2010
"18001",1151,1403,-252,2010
"18003",13436,16315,-2879,2010
"18005",4374,4193,181,2010
"18007",764,694,70,2010
"18009",894,929,-35,2010
"18011",2711,3215,-504,2010
"18013",1150,1315,-165,2010
"18015",1263,1077,186,2010
"18017",1522,2918,-1396,2010
"18019",7739,6377,1362,2010
"18021",991,1643,-652,2010
"18023",1743,1488,255,2010
"18025",581,483,98,2010
"18027",1145,838,307,2010
"18029",2975,3039,-64,2010
"18031",1712,1665,47,2010
"18033",1899,2193,-294,2010
"18035",10595,6973,3622,2010
"18037",1459,1902,-443,2010
"18039",9140,9655,-515,2010
"18041",1006,1165,-159,2010
"18043",5074,5957,-883,2010
"18045",803,1875,-1072,2010
"18047",1077,1038,39,2010
"18049",1032,1365,-333,2010
"18051",1593,1413,180,2010
"18053",3896,3705,191,2010
"18055",1925,1708,217,2010
"18057",22568,16510,6058,2010
"18059",3795,4371,-576,2010
"18061",1168,2370,-1202,2010
"18063",10441,8387,2054,2010
"18065",3332,2845,487,2010
"18067",3833,4484,-651,2010
"18069",1439,1710,-271,2010
"18071",2053,2340,-287,2010
"18073",2298,1656,642,2010
"18075",974,1406,-432,2010
"18077",2216,1828,388,2010
"18079",1973,1735,238,2010
"18081",12930,8497,4433,2010
"18083",2371,1782,589,2010
"18085",4320,4265,55,2010
"18087",1903,1728,175,2010
"18089",24755,23417,1338,2010
"18091",6499,5244,1255,2010
"18093",1401,1831,-430,2010
"18095",7785,6856,929,2010
"18097",53132,56635,-3503,2010
"18099",2749,3423,-674,2010
"18101",479,924,-445,2010
"18103",2921,3151,-230,2010
"18105",20238,10964,9274,2010
"18107",1931,1904,27,2010
"18109",3916,5069,-1153,2010
"18111",1010,1081,-71,2010
"18113",2831,2460,371,2010
"18115",584,478,106,2010
"18117",1031,964,67,2010
"18119",1164,1183,-19,2010
"18121",2032,1375,657,2010
"18123",1227,1075,152,2010
"18125",693,610,83,2010
"18127",9815,10375,-560,2010
"18129",1200,1481,-281,2010
"18131",1032,1064,-32,2010
"18133",3413,2837,576,2010
"18135",1423,2104,-681,2010
"18137",1343,2057,-714,2010
"18139",686,1075,-389,2010
"18141",15215,13893,1322,2010
"18143",1381,1459,-78,2010
"18145",2346,2177,169,2010
"18147",719,1615,-896,2010
"18149",1373,1505,-132,2010
"18151",2409,2439,-30,2010
"18153",1563,1579,-16,2010
"18155",735,644,91,2010
"18157",19722,12079,7643,2010
"18159",757,1199,-442,2010
"18161",247,299,-52,2010
"18163",10323,9477,846,2010
"18165",1043,861,182,2010
"18167",6899,7698,-799,2010
"18169",2170,2275,-105,2010
"18171",618,465,153,2010
"18173",3455,3505,-50,2010
"18175",1680,1341,339,2010
"18177",3315,3902,-587,2010
"18179",1550,1366,184,2010
"18181",1491,2112,-621,2010
"18183",1838,1880,-42,2010
"19001",436,651,-215,2010
"19003",205,230,-25,2010
"19005",801,542,259,2010
"19007",634,713,-79,2010
"19009",211,304,-93,2010
"19011",1616,2179,-563,2010
"19013",10844,6999,3845,2010
"19015",1432,1375,57,2010
"19017",1516,1497,19,2010
"19019",1265,1069,196,2010
"19021",1293,1333,-40,2010
"19023",693,644,49,2010
"19025",980,626,354,2010
"19027",1448,717,731,2010
"19029",938,654,284,2010
"19031",1278,938,340,2010
"19033",2360,2659,-299,2010
"19035",812,759,53,2010
"19037",522,698,-176,2010
"19039",633,423,210,2010
"19041",996,997,-1,2010
"19043",1002,1487,-485,2010
"19045",2057,2684,-627,2010
"19047",1106,1223,-117,2010
"19049",5922,3504,2418,2010
"19051",345,497,-152,2010
"19053",702,582,120,2010
"19055",683,1064,-381,2010
"19057",1898,2391,-493,2010
"19059",954,1151,-197,2010
"19061",3768,5072,-1304,2010
"19063",674,815,-141,2010
"19065",1916,1696,220,2010
"19067",821,985,-164,2010
"19069",501,571,-70,2010
"19071",500,545,-45,2010
"19073",636,543,93,2010
"19075",729,960,-231,2010
"19077",805,887,-82,2010
"19079",673,977,-304,2010
"19081",757,540,217,2010
"19083",1318,1271,47,2010
"19085",652,1570,-918,2010
"19087",1609,1452,157,2010
"19089",670,422,248,2010
"19091",574,338,236,2010
"19093",381,442,-61,2010
"19095",1018,997,21,2010
"19097",584,1011,-427,2010
"19099",2484,2732,-248,2010
"19101",1425,1071,354,2010
"19103",16166,10835,5331,2010
"19105",1226,1352,-126,2010
"19107",791,969,-178,2010
"19109",598,695,-97,2010
"19111",2004,1712,292,2010
"19113",11948,10980,968,2010
"19115",869,718,151,2010
"19117",410,1166,-756,2010
"19119",366,606,-240,2010
"19121",870,907,-37,2010
"19123",1415,1847,-432,2010
"19125",2358,2129,229,2010
"19127",2203,2540,-337,2010
"19129",855,1204,-349,2010
"19131",489,286,203,2010
"19133",566,543,23,2010
"19135",446,232,214,2010
"19137",570,570,0,2010
"19139",2464,2185,279,2010
"19141",866,825,41,2010
"19143",284,229,55,2010
"19145",1693,1389,304,2010
"19147",729,674,55,2010
"19149",1047,1642,-595,2010
"19151",521,341,180,2010
"19153",26538,21442,5096,2010
"19155",6216,5745,471,2010
"19157",1297,1603,-306,2010
"19159",261,406,-145,2010
"19161",446,993,-547,2010
"19163",9938,9022,916,2010
"19165",677,856,-179,2010
"19167",1883,1848,35,2010
"19169",12511,8990,3521,2010
"19171",1064,1046,18,2010
"19173",338,449,-111,2010
"19175",833,826,7,2010
"19177",571,850,-279,2010
"19179",2388,1999,389,2010
"19181",3593,2619,974,2010
"19183",1187,1428,-241,2010
"19185",477,549,-72,2010
"19187",1882,2743,-861,2010
"19189",560,775,-215,2010
"19191",1546,1274,272,2010
"19193",6409,6356,53,2010
"19195",372,471,-99,2010
"19197",550,1204,-654,2010
"20001",1031,1359,-328,2010
"20003",439,759,-320,2010
"20005",1240,976,264,2010
"20007",332,189,143,2010
"20009",1939,1757,182,2010
"20011",939,911,28,2010
"20013",555,615,-60,2010
"20015",4756,4684,72,2010
"20017",101,229,-128,2010
"20019",417,463,-46,2010
"20021",1253,1156,97,2010
"20023",165,119,46,2010
"20025",127,309,-182,2010
"20027",380,646,-266,2010
"20029",693,392,301,2010
"20031",697,456,241,2010
"20033",135,187,-52,2010
"20035",3329,2389,940,2010
"20037",2789,3066,-277,2010
"20039",220,195,25,2010
"20041",1518,1797,-279,2010
"20043",887,472,415,2010
"20045",13970,10584,3386,2010
"20047",155,301,-146,2010
"20049",372,222,150,2010
"20051",2883,2040,843,2010
"20053",506,725,-219,2010
"20055",2583,2128,455,2010
"20057",2674,2498,176,2010
"20059",1971,1313,658,2010
"20061",4259,5363,-1104,2010
"20063",149,283,-134,2010
"20065",206,320,-114,2010
"20067",220,546,-326,2010
"20069",633,901,-268,2010
"20071",51,58,-7,2010
"20073",347,482,-135,2010
"20075",177,130,47,2010
"20077",386,475,-89,2010
"20079",2749,2767,-18,2010
"20081",325,264,61,2010
"20083",192,163,29,2010
"20085",1149,852,297,2010
"20087",1266,1533,-267,2010
"20089",186,204,-18,2010
"20091",38243,34163,4080,2010
"20093",366,268,98,2010
"20095",387,722,-335,2010
"20097",205,395,-190,2010
"20099",1646,1056,590,2010
"20101",118,99,19,2010
"20103",11437,7070,4367,2010
"20105",156,60,96,2010
"20107",426,943,-517,2010
"20109",158,244,-86,2010
"20111",3804,2298,1506,2010
"20113",1806,1911,-105,2010
"20115",811,1104,-293,2010
"20117",345,594,-249,2010
"20119",360,263,97,2010
"20121",2332,2458,-126,2010
"20123",620,497,123,2010
"20125",2690,2267,423,2010
"20127",403,538,-135,2010
"20129",239,97,142,2010
"20131",413,543,-130,2010
"20133",1985,1592,393,2010
"20135",123,107,16,2010
"20137",771,385,386,2010
"20139",794,1358,-564,2010
"20141",303,224,79,2010
"20143",362,302,60,2010
"20145",978,707,271,2010
"20147",235,473,-238,2010
"20149",1277,1417,-140,2010
"20151",1462,1190,272,2010
"20153",118,136,-18,2010
"20155",4491,4205,286,2010
"20157",358,115,243,2010
"20159",871,1086,-215,2010
"20161",12804,9309,3495,2010
"20163",361,562,-201,2010
"20165",253,302,-49,2010
"20167",352,555,-203,2010
"20169",3407,3745,-338,2010
"20171",77,162,-85,2010
"20173",24250,22036,2214,2010
"20175",2329,1908,421,2010
"20177",10353,9278,1075,2010
"20179",142,117,25,2010
"20181",409,731,-322,2010
"20183",167,146,21,2010
"20185",227,613,-386,2010
"20187",195,159,36,2010
"20189",582,245,337,2010
"20191",1798,2297,-499,2010
"20193",1017,585,432,2010
"20195",123,71,52,2010
"20197",405,458,-53,2010
"20199",58,125,-67,2010
"20201",123,271,-148,2010
"20203",113,80,33,2010
"20205",585,642,-57,2010
"20207",234,227,7,2010
"20209",12613,13116,-503,2010
"21001",1597,1196,401,2010
"21003",848,1157,-309,2010
"21005",1436,1265,171,2010
"21007",351,381,-30,2010
"21009",1792,2444,-652,2010
"21011",1003,605,398,2010
"21013",1067,2060,-993,2010
"21015",10497,7714,2783,2010
"21017",1498,1532,-34,2010
"21019",3826,2586,1240,2010
"21021",3099,1832,1267,2010
"21023",457,461,-4,2010
"21025",596,528,68,2010
"21027",1387,1215,172,2010
"21029",3559,3456,103,2010
"21031",853,690,163,2010
"21033",559,611,-52,2010
"21035",3833,2398,1435,2010
"21037",5878,7485,-1607,2010
"21039",147,257,-110,2010
"21041",1290,872,418,2010
"21043",1346,1409,-63,2010
"21045",767,694,73,2010
"21047",11930,10720,1210,2010
"21049",2350,2117,233,2010
"21051",523,1089,-566,2010
"21053",402,315,87,2010
"21055",271,727,-456,2010
"21057",117,376,-259,2010
"21059",5163,3963,1200,2010
"21061",1292,551,741,2010
"21063",1063,428,635,2010
"21065",304,872,-568,2010
"21067",28537,21904,6633,2010
"21069",625,848,-223,2010
"21071",2136,2387,-251,2010
"21073",3108,3282,-174,2010
"21075",424,739,-315,2010
"21077",911,663,248,2010
"21079",1349,913,436,2010
"21081",2141,1854,287,2010
"21083",1698,2684,-986,2010
"21085",826,1818,-992,2010
"21087",398,266,132,2010
"21089",1583,1507,76,2010
"21091",441,501,-60,2010
"21093",11070,9044,2026,2010
"21095",647,1095,-448,2010
"21097",998,1218,-220,2010
"21099",1315,1091,224,2010
"21101",2181,2625,-444,2010
"21103",1003,1080,-77,2010
"21105",284,451,-167,2010
"21107",2057,2499,-442,2010
"21109",897,710,187,2010
"21111",36937,28532,8405,2010
"21113",4401,3758,643,2010
"21115",932,1071,-139,2010
"21117",11497,11345,152,2010
"21119",1298,549,749,2010
"21121",2012,1275,737,2010
"21123",599,1048,-449,2010
"21125",3612,2810,802,2010
"21127",746,1084,-338,2010
"21129",509,638,-129,2010
"21131",532,425,107,2010
"21133",1175,985,190,2010
"21135",789,895,-106,2010
"21137",1023,1522,-499,2010
"21139",681,774,-93,2010
"21141",2005,1446,559,2010
"21143",857,930,-73,2010
"21145",5122,3804,1318,2010
"21147",1406,1081,325,2010
"21149",353,723,-370,2010
"21151",8466,6011,2455,2010
"21153",442,582,-140,2010
"21155",1269,1171,98,2010
"21157",1769,1797,-28,2010
"21159",932,834,98,2010
"21161",1489,922,567,2010
"21163",3198,2053,1145,2010
"21165",487,254,233,2010
"21167",1401,1899,-498,2010
"21169",480,402,78,2010
"21171",378,512,-134,2010
"21173",1250,1244,6,2010
"21175",1011,467,544,2010
"21177",1459,1574,-115,2010
"21179",2173,1847,326,2010
"21181",278,584,-306,2010
"21183",1074,2032,-958,2010
"21185",5367,4378,989,2010
"21187",750,871,-121,2010
"21189",278,286,-8,2010
"21191",986,929,57,2010
"21193",999,1388,-389,2010
"21195",2774,2439,335,2010
"21197",817,766,51,2010
"21199",2462,3073,-611,2010
"21201",103,98,5,2010
"21203",682,875,-193,2010
"21205",2031,2283,-252,2010
"21207",561,706,-145,2010
"21209",4128,2537,1591,2010
"21211",3572,2855,717,2010
"21213",1416,1425,-9,2010
"21215",1150,958,192,2010
"21217",1467,1049,418,2010
"21219",1119,437,682,2010
"21221",1132,1172,-40,2010
"21223",950,480,470,2010
"21225",1729,1055,674,2010
"21227",10585,5433,5152,2010
"21229",891,728,163,2010
"21231",951,687,264,2010
"21233",967,676,291,2010
"21235",3003,2201,802,2010
"21237",133,686,-553,2010
"21239",2177,1526,651,2010
"22001",2807,3341,-534,2010
"22003",2644,1779,865,2010
"22005",6965,5533,1432,2010
"22007",877,1167,-290,2010
"22009",3492,1620,1872,2010
"22011",3513,2210,1303,2010
"22013",640,865,-225,2010
"22015",11337,8171,3166,2010
"22017",13911,15718,-1807,2010
"22019",11207,10020,1187,2010
"22021",994,615,379,2010
"22023",536,1286,-750,2010
"22025",1347,637,710,2010
"22027",634,1223,-589,2010
"22029",1367,1769,-402,2010
"22031",1704,1619,85,2010
"22033",29628,25469,4159,2010
"22035",688,713,-25,2010
"22037",1636,1316,320,2010
"22039",2690,1904,786,2010
"22041",1530,1246,284,2010
"22043",1448,1422,26,2010
"22045",2679,3257,-578,2010
"22047",3167,2042,1125,2010
"22049",602,901,-299,2010
"22051",32091,38360,-6269,2010
"22053",1858,1014,844,2010
"22055",14032,12499,1533,2010
"22057",4097,4045,52,2010
"22059",769,943,-174,2010
"22061",6277,3080,3197,2010
"22063",7002,5465,1537,2010
"22065",1385,926,459,2010
"22067",565,1193,-628,2010
"22069",2465,2890,-425,2010
"22071",37265,80343,-43078,2010
"22073",7341,7753,-412,2010
"22075",1816,3959,-2143,2010
"22077",905,929,-24,2010
"22079",7098,7151,-53,2010
"22081",561,362,199,2010
"22083",2039,1139,900,2010
"22085",1129,966,163,2010
"22087",3991,9330,-5339,2010
"22089",2374,2710,-336,2010
"22091",517,344,173,2010
"22093",771,975,-204,2010
"22095",3592,2738,854,2010
"22097",3792,4323,-531,2010
"22099",3102,2062,1040,2010
"22101",2159,3203,-1044,2010
"22103",15051,14419,632,2010
"22105",6434,5137,1297,2010
"22107",381,580,-199,2010
"22109",3949,5247,-1298,2010
"22111",763,1466,-703,2010
"22113",2095,2089,6,2010
"22115",7755,8013,-258,2010
"22117",2947,2645,302,2010
"22119",2277,2963,-686,2010
"22121",2239,1707,532,2010
"22123",1200,747,453,2010
"22125",662,720,-58,2010
"22127",885,606,279,2010
"23001",7155,5209,1946,2010
"23003",2667,2445,222,2010
"23005",19327,19006,321,2010
"23007",2266,1958,308,2010
"23009",2495,3112,-617,2010
"23011",5800,6902,-1102,2010
"23013",2207,1779,428,2010
"23015",2000,2269,-269,2010
"23017",2657,3056,-399,2010
"23019",9828,6997,2831,2010
"23021",1096,1246,-150,2010
"23023",2755,3769,-1014,2010
"23025",2622,2881,-259,2010
"23027",2303,2086,217,2010
"23029",1547,1446,101,2010
"23031",11311,9948,1363,2010
"24001",5811,3580,2231,2010
"24003",40960,32117,8843,2010
"24005",59940,40679,19261,2010
"24009",4944,5167,-223,2010
"24011",1918,1398,520,2010
"24013",6863,7499,-636,2010
"24015",6226,5327,899,2010
"24017",8615,10972,-2357,2010
"24019",1476,1723,-247,2010
"24021",15129,12030,3099,2010
"24023",1244,1283,-39,2010
"24025",12002,13783,-1781,2010
"24027",22903,21851,1052,2010
"24029",1732,1433,299,2010
"24031",67780,61842,5938,2010
"24033",58131,56366,1765,2010
"24035",3087,2302,785,2010
"24037",9441,6561,2880,2010
"24039",3465,1554,1911,2010
"24041",2075,1968,107,2010
"24043",8916,7854,1062,2010
"24045",7067,6859,208,2010
"24047",3656,4053,-397,2010
"24510",40166,56866,-16700,2010
"25001",8909,11735,-2826,2010
"25003",5072,5888,-816,2010
"25005",24517,19770,4747,2010
"25007",748,1210,-462,2010
"25009",29801,32112,-2311,2010
"25011",4789,4030,759,2010
"25013",19296,18159,1137,2010
"25015",17248,10095,7153,2010
"25017",98293,84723,13570,2010
"25019",604,818,-214,2010
"25021",43099,43244,-145,2010
"25023",21676,23876,-2200,2010
"25025",73909,67417,6492,2010
"25027",33127,28596,4531,2010
"26001",563,1100,-537,2010
"26003",609,853,-244,2010
"26005",5659,5871,-212,2010
"26007",1416,1269,147,2010
"26009",1320,1972,-652,2010
"26011",1225,1435,-210,2010
"26013",730,563,167,2010
"26015",2853,3559,-706,2010
"26017",3674,4115,-441,2010
"26019",1207,1088,119,2010
"26021",6208,10536,-4328,2010
"26023",3220,3153,67,2010
"26025",6523,7012,-489,2010
"26027",2699,3437,-738,2010
"26029",1642,1782,-140,2010
"26031",1255,1557,-302,2010
"26033",3927,3407,520,2010
"26035",1747,2062,-315,2010
"26037",3657,4595,-938,2010
"26039",1632,777,855,2010
"26041",1538,1472,66,2010
"26043",1061,1865,-804,2010
"26045",9465,7044,2421,2010
"26047",2282,2170,112,2010
"26049",14727,21272,-6545,2010
"26051",1529,1147,382,2010
"26053",843,800,43,2010
"26055",5547,4917,630,2010
"26057",3449,3765,-316,2010
"26059",2652,2572,80,2010
"26061",3585,2287,1298,2010
"26063",1113,1668,-555,2010
"26065",27930,24272,3658,2010
"26067",5586,5341,245,2010
"26069",1647,1787,-140,2010
"26071",470,601,-131,2010
"26073",9617,5653,3964,2010
"26075",9654,9970,-316,2010
"26077",19145,14141,5004,2010
"26079",854,1194,-340,2010
"26081",32072,31115,957,2010
"26083",192,78,114,2010
"26085",799,1201,-402,2010
"26087",4254,5452,-1198,2010
"26089",1110,1141,-31,2010
"26091",5698,5594,104,2010
"26093",9846,9858,-12,2010
"26095",783,840,-57,2010
"26097",542,623,-81,2010
"26099",36112,37226,-1114,2010
"26101",1972,1490,482,2010
"26103",4442,3933,509,2010
"26105",1497,1658,-161,2010
"26107",5516,3614,1902,2010
"26109",952,979,-27,2010
"26111",5390,4612,778,2010
"26113",1191,984,207,2010
"26115",6887,8640,-1753,2010
"26117",3753,4966,-1213,2010
"26119",678,744,-66,2010
"26121",8718,9285,-567,2010
"26123",3298,3044,254,2010
"26125",65984,68161,-2177,2010
"26127",1416,1296,120,2010
"26129",1342,984,358,2010
"26131",121,377,-256,2010
"26133",1141,1779,-638,2010
"26135",522,604,-82,2010
"26137",1188,1661,-473,2010
"26139",16383,14509,1874,2010
"26141",464,652,-188,2010
"26143",1690,2054,-364,2010
"26145",8583,9624,-1041,2010
"26147",6141,6562,-421,2010
"26149",2211,3572,-1361,2010
"26151",1722,1854,-132,2010
"26153",489,409,80,2010
"26155",3903,4044,-141,2010
"26157",3077,3759,-682,2010
"26159",3919,4825,-906,2010
"26161",39212,28829,10383,2010
"26163",56617,93649,-37032,2010
"26165",1683,2820,-1137,2010
"27001",671,1272,-601,2010
"27003",21539,21154,385,2010
"27005",2067,1719,348,2010
"27007",2995,2422,573,2010
"27009",4438,3410,1028,2010
"27011",232,229,3,2010
"27013",7393,5498,1895,2010
"27015",1063,1867,-804,2010
"27017",2007,2132,-125,2010
"27019",5668,6722,-1054,2010
"27021",1596,2312,-716,2010
"27023",536,924,-388,2010
"27025",4307,3466,841,2010
"27027",5476,4481,995,2010
"27029",365,640,-275,2010
"27031",228,185,43,2010
"27033",577,587,-10,2010
"27035",3365,3580,-215,2010
"27037",24575,26950,-2375,2010
"27039",783,967,-184,2010
"27041",2037,2705,-668,2010
"27043",824,952,-128,2010
"27045",941,1048,-107,2010
"27047",1437,1600,-163,2010
"27049",2656,2545,111,2010
"27051",411,581,-170,2010
"27053",76485,77219,-734,2010
"27055",972,888,84,2010
"27057",1571,1123,448,2010
"27059",3784,2383,1401,2010
"27061",2263,1945,318,2010
"27063",579,785,-206,2010
"27065",1037,752,285,2010
"27067",2491,2262,229,2010
"27069",160,340,-180,2010
"27071",504,603,-99,2010
"27073",450,539,-89,2010
"27075",446,735,-289,2010
"27077",256,170,86,2010
"27079",1623,1880,-257,2010
"27081",247,166,81,2010
"27083",2186,1287,899,2010
"27085",2239,1935,304,2010
"27087",254,289,-35,2010
"27089",473,747,-274,2010
"27091",575,1144,-569,2010
"27093",1304,1224,80,2010
"27095",2171,1683,488,2010
"27097",1401,1761,-360,2010
"27099",1613,1931,-318,2010
"27101",359,327,32,2010
"27103",3471,3117,354,2010
"27105",1088,842,246,2010
"27107",259,330,-71,2010
"27109",7989,8499,-510,2010
"27111",3063,2766,297,2010
"27113",950,1032,-82,2010
"27115",1664,1589,75,2010
"27117",429,569,-140,2010
"27119",2996,1973,1023,2010
"27121",520,495,25,2010
"27123",40807,38131,2676,2010
"27125",314,423,-109,2010
"27127",654,1360,-706,2010
"27129",715,982,-267,2010
"27131",6376,4855,1521,2010
"27133",258,593,-335,2010
"27135",617,697,-80,2010
"27137",12380,10341,2039,2010
"27139",9028,7710,1318,2010
"27141",6268,5776,492,2010
"27143",579,637,-58,2010
"27145",14074,11374,2700,2010
"27147",2630,2884,-254,2010
"27149",936,994,-58,2010
"27151",969,713,256,2010
"27153",1151,1652,-501,2010
"27155",212,238,-26,2010
"27157",950,941,9,2010
"27159",654,1146,-492,2010
"27161",1148,1306,-158,2010
"27163",14431,15617,-1186,2010
"27165",482,705,-223,2010
"27167",513,798,-285,2010
"27169",4756,3174,1582,2010
"27171",7784,8039,-255,2010
"27173",983,723,260,2010
"28001",1750,1861,-111,2010
"28003",1904,1889,15,2010
"28005",597,681,-84,2010
"28007",973,1120,-147,2010
"28009",415,359,56,2010
"28011",2183,2215,-32,2010
"28013",583,503,80,2010
"28015",370,556,-186,2010
"28017",904,1232,-328,2010
"28019",479,751,-272,2010
"28021",918,736,182,2010
"28023",602,962,-360,2010
"28025",1170,1579,-409,2010
"28027",1284,1872,-588,2010
"28029",1303,1461,-158,2010
"28031",699,738,-39,2010
"28033",12245,8317,3928,2010
"28035",9253,7393,1860,2010
"28037",251,767,-516,2010
"28039",1238,1239,-1,2010
"28041",1944,972,972,2010
"28043",1693,1230,463,2010
"28045",2714,4998,-2284,2010
"28047",17885,20814,-2929,2010
"28049",14856,18020,-3164,2010
"28051",905,1551,-646,2010
"28053",365,502,-137,2010
"28055",326,486,-160,2010
"28057",1690,1709,-19,2010
"28059",8855,11284,-2429,2010
"28061",639,1013,-374,2010
"28063",636,934,-298,2010
"28065",727,944,-217,2010
"28067",2575,3331,-756,2010
"28069",594,868,-274,2010
"28071",6777,3826,2951,2010
"28073",5844,5227,617,2010
"28075",7282,4705,2577,2010
"28077",660,808,-148,2010
"28079",1616,1255,361,2010
"28081",5679,4276,1403,2010
"28083",1227,1998,-771,2010
"28085",1070,1514,-444,2010
"28087",4421,4802,-381,2010
"28089",7484,5944,1540,2010
"28091",1448,1824,-376,2010
"28093",2012,2239,-227,2010
"28095",1513,2477,-964,2010
"28097",410,439,-29,2010
"28099",1748,1548,200,2010
"28101",1380,1076,304,2010
"28103",238,458,-220,2010
"28105",5683,3897,1786,2010
"28107",2314,1981,333,2010
"28109",4003,4089,-86,2010
"28111",340,565,-225,2010
"28113",2779,2782,-3,2010
"28115",1623,1569,54,2010
"28117",1740,1082,658,2010
"28119",475,629,-154,2010
"28121",11996,8351,3645,2010
"28123",1425,2089,-664,2010
"28125",201,341,-140,2010
"28127",1713,1938,-225,2010
"28129",653,1105,-452,2010
"28131",1651,1039,612,2010
"28133",2688,2777,-89,2010
"28135",696,1262,-566,2010
"28137",1537,1509,28,2010
"28139",662,1204,-542,2010
"28141",1059,1138,-79,2010
"28143",1392,1533,-141,2010
"28145",1809,1558,251,2010
"28147",912,993,-81,2010
"28149",2815,3109,-294,2010
"28151",2629,3304,-675,2010
"28153",701,482,219,2010
"28155",837,490,347,2010
"28157",1013,832,181,2010
"28159",707,1475,-768,2010
"28161",740,672,68,2010
"28163",1715,1354,361,2010
"29001",3473,3231,242,2010
"29003",1370,911,459,2010
"29005",213,532,-319,2010
"29007",1982,1541,441,2010
"29009",2781,2836,-55,2010
"29011",650,808,-158,2010
"29013",1364,1567,-203,2010
"29015",1261,1475,-214,2010
"29017",831,545,286,2010
"29019",16464,12556,3908,2010
"29021",6561,5967,594,2010
"29023",2305,3068,-763,2010
"29025",492,706,-214,2010
"29027",4298,3084,1214,2010
"29029",3774,3056,718,2010
"29031",6558,5098,1460,2010
"29033",359,620,-261,2010
"29035",156,258,-102,2010
"29037",7494,6293,1201,2010
"29039",1172,843,329,2010
"29041",397,444,-47,2010
"29043",7933,5483,2450,2010
"29045",357,596,-239,2010
"29047",17907,14544,3363,2010
"29049",1667,2051,-384,2010
"29051",6921,6448,473,2010
"29053",2253,1773,480,2010
"29055",1500,1693,-193,2010
"29057",598,487,111,2010
"29059",1541,1110,431,2010
"29061",414,509,-95,2010
"29063",1778,1252,526,2010
"29065",957,1228,-271,2010
"29067",307,857,-550,2010
"29069",2889,2551,338,2010
"29071",5172,5042,130,2010
"29073",940,1201,-261,2010
"29075",361,418,-57,2010
"29077",24957,18638,6319,2010
"29079",571,584,-13,2010
"29081",414,504,-90,2010
"29083",1281,1708,-427,2010
"29085",572,693,-121,2010
"29087",294,361,-67,2010
"29089",912,881,31,2010
"29091",1496,1567,-71,2010
"29093",801,670,131,2010
"29095",37272,41964,-4692,2010
"29097",7226,7161,65,2010
"29099",11365,10742,623,2010
"29101",7255,4137,3118,2010
"29103",445,336,109,2010
"29105",2356,2756,-400,2010
"29107",1549,2720,-1171,2010
"29109",2765,2714,51,2010
"29111",757,614,143,2010
"29113",3700,3128,572,2010
"29115",456,970,-514,2010
"29117",1309,814,495,2010
"29119",2385,2541,-156,2010
"29121",625,658,-33,2010
"29123",905,563,342,2010
"29125",527,647,-120,2010
"29127",1958,1827,131,2010
"29129",437,252,185,2010
"29131",1626,1661,-35,2010
"29133",1014,625,389,2010
"29135",1393,1679,-286,2010
"29137",631,516,115,2010
"29139",705,839,-134,2010
"29141",1291,1792,-501,2010
"29143",1596,1570,26,2010
"29145",4871,4867,4,2010
"29147",2885,1833,1052,2010
"29149",842,534,308,2010
"29151",904,852,52,2010
"29153",417,644,-227,2010
"29155",848,1250,-402,2010
"29157",732,624,108,2010
"29159",2191,2959,-768,2010
"29161",4928,3319,1609,2010
"29163",1998,1621,377,2010
"29165",10958,7730,3228,2010
"29167",2585,1528,1057,2010
"29169",13317,7877,5440,2010
"29171",211,552,-341,2010
"29173",406,652,-246,2010
"29175",2280,2534,-254,2010
"29177",1273,1886,-613,2010
"29179",340,142,198,2010
"29181",1071,576,495,2010
"29183",21608,17697,3911,2010
"29185",990,1037,-47,2010
"29186",949,986,-37,2010
"29187",5729,4174,1555,2010
"29189",63916,54288,9628,2010
"29195",1799,1568,231,2010
"29197",279,276,3,2010
"29199",166,308,-142,2010
"29201",2319,3221,-902,2010
"29203",441,558,-117,2010
"29205",503,485,18,2010
"29207",1867,1723,144,2010
"29209",3203,2486,717,2010
"29211",498,674,-176,2010
"29213",6091,3583,2508,2010
"29215",1858,2339,-481,2010
"29217",1228,1502,-274,2010
"29219",2580,1906,674,2010
"29221",1601,1276,325,2010
"29223",679,1086,-407,2010
"29225",3056,2729,327,2010
"29227",181,317,-136,2010
"29229",1154,1308,-154,2010
"29510",29315,48216,-18901,2010
"30001",680,1227,-547,2010
"30003",925,563,362,2010
"30005",265,508,-243,2010
"30007",437,547,-110,2010
"30009",657,973,-316,2010
"30011",62,76,-14,2010
"30013",6083,5152,931,2010
"30015",257,445,-188,2010
"30017",793,832,-39,2010
"30019",33,116,-83,2010
"30021",854,812,42,2010
"30023",1117,686,431,2010
"30025",309,188,121,2010
"30027",811,504,307,2010
"30029",3335,4969,-1634,2010
"30031",10889,7051,3838,2010
"30033",25,120,-95,2010
"30035",871,814,57,2010
"30037",93,217,-124,2010
"30039",303,102,201,2010
"30041",1546,857,689,2010
"30043",1171,806,365,2010
"30045",110,188,-78,2010
"30047",1856,1554,302,2010
"30049",5305,4081,1224,2010
"30051",2,132,-130,2010
"30053",1014,1097,-83,2010
"30055",40,81,-41,2010
"30057",713,703,10,2010
"30059",153,109,44,2010
"30061",84,209,-125,2010
"30063",10278,7833,2445,2010
"30065",241,170,71,2010
"30067",1042,1382,-340,2010
"30069",30,26,4,2010
"30071",98,256,-158,2010
"30073",239,481,-242,2010
"30075",170,131,39,2010
"30077",775,625,150,2010
"30079",46,112,-66,2010
"30081",2725,2504,221,2010
"30083",561,708,-147,2010
"30085",375,1113,-738,2010
"30087",586,902,-316,2010
"30089",893,599,294,2010
"30091",206,80,126,2010
"30093",2452,2375,77,2010
"30095",670,674,-4,2010
"30097",291,209,82,2010
"30099",363,561,-198,2010
"30101",515,375,140,2010
"30103",134,387,-253,2010
"30105",345,317,28,2010
"30107",150,34,116,2010
"30109",95,43,52,2010
"30111",10139,7564,2575,2010
"31001",2540,1847,693,2010
"31003",516,669,-153,2010
"31005",47,21,26,2010
"31007",48,30,18,2010
"31009",25,17,8,2010
"31011",291,439,-148,2010
"31013",556,380,176,2010
"31015",113,136,-23,2010
"31017",244,169,75,2010
"31019",4114,3494,620,2010
"31021",291,401,-110,2010
"31023",410,316,94,2010
"31025",1363,2392,-1029,2010
"31027",558,399,159,2010
"31029",205,316,-111,2010
"31031",298,495,-197,2010
"31033",829,746,83,2010
"31035",608,642,-34,2010
"31037",699,833,-134,2010
"31039",266,1056,-790,2010
"31041",474,590,-116,2010
"31043",1775,1680,95,2010
"31045",1219,1093,126,2010
"31047",1405,1627,-222,2010
"31049",169,60,109,2010
"31051",293,424,-131,2010
"31053",2430,2025,405,2010
"31055",30241,30283,-42,2010
"31057",107,92,15,2010
"31059",649,536,113,2010
"31061",361,216,145,2010
"31063",179,580,-401,2010
"31065",283,327,-44,2010
"31067",1849,1662,187,2010
"31069",110,111,-1,2010
"31071",153,182,-29,2010
"31073",123,174,-51,2010
"31075",74,16,58,2010
"31077",79,176,-97,2010
"31079",4183,2538,1645,2010
"31081",650,676,-26,2010
"31083",194,395,-201,2010
"31085",14,20,-6,2010
"31087",169,329,-160,2010
"31089",486,644,-158,2010
"31091",25,49,-24,2010
"31093",369,650,-281,2010
"31095",383,558,-175,2010
"31097",509,758,-249,2010
"31099",424,485,-61,2010
"31101",724,647,77,2010
"31103",15,50,-35,2010
"31105",228,267,-39,2010
"31107",448,406,42,2010
"31109",21865,15414,6451,2010
"31111",2083,1955,128,2010
"31113",92,36,56,2010
"31119",3048,2851,197,2010
"31121",498,542,-44,2010
"31123",383,800,-417,2010
"31125",252,255,-3,2010
"31127",525,852,-327,2010
"31129",237,358,-121,2010
"31131",995,1018,-23,2010
"31133",85,164,-79,2010
"31135",63,203,-140,2010
"31137",611,690,-79,2010
"31139",444,450,-6,2010
"31141",1411,1993,-582,2010
"31143",294,373,-79,2010
"31145",943,601,342,2010
"31147",339,299,40,2010
"31149",33,81,-48,2010
"31151",913,1124,-211,2010
"31153",14662,11753,2909,2010
"31155",1138,1540,-402,2010
"31157",2307,2195,112,2010
"31159",1817,1419,398,2010
"31161",302,672,-370,2010
"31163",159,215,-56,2010
"31165",111,50,61,2010
"31167",375,397,-22,2010
"31169",284,494,-210,2010
"31171",44,174,-130,2010
"31173",289,675,-386,2010
"31175",221,234,-13,2010
"31177",1645,1523,122,2010
"31179",1275,907,368,2010
"31181",392,161,231,2010
"31183",25,63,-38,2010
"31185",1296,1302,-6,2010
"32001",1802,1751,51,2010
"32003",117790,86730,31060,2010
"32005",3448,3904,-456,2010
"32007",3451,3060,391,2010
"32009",62,191,-129,2010
"32011",28,100,-72,2010
"32013",1580,1580,0,2010
"32015",683,202,481,2010
"32017",896,150,746,2010
"32019",4579,4649,-70,2010
"32021",111,677,-566,2010
"32023",4113,3090,1023,2010
"32027",1020,722,298,2010
"32029",441,75,366,2010
"32031",27363,22205,5158,2010
"32033",483,499,-16,2010
"32510",4323,4782,-459,2010
"33001",3010,4102,-1092,2010
"33003",2770,2710,60,2010
"33005",5546,4045,1501,2010
"33007",1455,2161,-706,2010
"33009",7580,5949,1631,2010
"33011",22410,22141,269,2010
"33013",10534,9331,1203,2010
"33015",16213,19527,-3314,2010
"33017",11385,7077,4308,2010
"33019",2761,2569,192,2010
"34001",14773,12668,2105,2010
"34003",36983,36583,400,2010
"34005",24643,24791,-148,2010
"34007",22453,26136,-3683,2010
"34009",6260,5947,313,2010
"34011",7643,7457,186,2010
"34013",34450,41633,-7183,2010
"34015",15998,10959,5039,2010
"34017",35387,37254,-1867,2010
"34019",8076,8133,-57,2010
"34021",24476,18788,5688,2010
"34023",40018,41329,-1311,2010
"34025",26674,28755,-2081,2010
"34027",24376,25376,-1000,2010
"34029",24142,21000,3142,2010
"34031",18025,22668,-4643,2010
"34033",3130,3414,-284,2010
"34035",17959,17906,53,2010
"34037",6890,7265,-375,2010
"34039",21418,27558,-6140,2010
"34041",6503,5586,917,2010
"35001",39478,34000,5478,2010
"35003",304,211,93,2010
"35005",4670,3700,970,2010
"35006",2405,2963,-558,2010
"35007",779,961,-182,2010
"35009",4192,5450,-1258,2010
"35011",120,154,-34,2010
"35013",14429,9788,4641,2010
"35015",2698,2224,474,2010
"35017",1951,1888,63,2010
"35019",433,534,-101,2010
"35021",42,152,-110,2010
"35023",139,315,-176,2010
"35025",4300,3293,1007,2010
"35027",1626,1706,-80,2010
"35028",1016,1351,-335,2010
"35029",1440,1557,-117,2010
"35031",2356,3700,-1344,2010
"35033",276,332,-56,2010
"35035",5121,4804,317,2010
"35037",543,960,-417,2010
"35039",1956,2177,-221,2010
"35041",2123,1654,469,2010
"35043",10838,8146,2692,2010
"35045",5551,6277,-726,2010
"35047",1815,2628,-813,2010
"35049",11596,9038,2558,2010
"35051",418,426,-8,2010
"35053",1025,893,132,2010
"35055",1638,1846,-208,2010
"35057",1919,1439,480,2010
"35059",337,381,-44,2010
"35061",5553,3955,1598,2010
"36001",22941,19157,3784,2010
"36003",3658,2112,1546,2010
"36005",64390,65209,-819,2010
"36007",10730,9058,1672,2010
"36009",4409,3452,957,2010
"36011",5431,5084,347,2010
"36013",6475,5645,830,2010
"36015",5808,5313,495,2010
"36017",2133,3390,-1257,2010
"36019",5432,4986,446,2010
"36021",3337,3374,-37,2010
"36023",4390,2396,1994,2010
"36025",3510,3539,-29,2010
"36027",17701,17118,583,2010
"36029",29278,31139,-1861,2010
"36031",3401,2755,646,2010
"36033",5103,3623,1480,2010
"36035",2750,2582,168,2010
"36037",2900,3286,-386,2010
"36039",3470,3135,335,2010
"36041",318,189,129,2010
"36043",2650,3844,-1194,2010
"36045",12627,10750,1877,2010
"36047",82634,127940,-45306,2010
"36049",1046,1967,-921,2010
"36051",5464,4082,1382,2010
"36053",5499,5739,-240,2010
"36055",29218,30833,-1615,2010
"36057",2789,2690,99,2010
"36059",39759,54135,-14376,2010
"36061",129713,124067,5646,2010
"36063",7731,9280,-1549,2010
"36065",13587,10116,3471,2010
"36067",22821,21719,1102,2010
"36069",6038,6096,-58,2010
"36071",20822,17842,2980,2010
"36073",3540,3572,-32,2010
"36075",5988,5812,176,2010
"36077",5189,3772,1417,2010
"36079",5651,6135,-484,2010
"36081",90688,99110,-8422,2010
"36083",10528,8760,1768,2010
"36085",15264,17623,-2359,2010
"36087",9181,12195,-3014,2010
"36089",8424,5742,2682,2010
"36091",11926,12375,-449,2010
"36093",10120,7249,2871,2010
"36095",2371,1655,716,2010
"36097",1823,1195,628,2010
"36099",2896,2439,457,2010
"36101",4267,5146,-879,2010
"36103",41565,48460,-6895,2010
"36105",5316,5038,278,2010
"36107",1979,2473,-494,2010
"36109",13590,8963,4627,2010
"36111",12233,9360,2873,2010
"36113",3827,4866,-1039,2010
"36115",4997,4792,205,2010
"36117",5070,4968,102,2010
"36119",38523,39633,-1110,2010
"36121",3568,4073,-505,2010
"36123",1399,1238,161,2010
"37001",10468,7272,3196,2010
"37003",1699,2210,-511,2010
"37005",434,725,-291,2010
"37007",1481,1589,-108,2010
"37009",1067,1257,-190,2010
"37011",2341,1209,1132,2010
"37013",2856,3000,-144,2010
"37015",1149,1119,30,2010
"37017",2786,1447,1339,2010
"37019",7076,6144,932,2010
"37021",16628,13771,2857,2010
"37023",4633,4510,123,2010
"37025",11653,9414,2239,2010
"37027",3816,3134,682,2010
"37029",720,527,193,2010
"37031",4908,4359,549,2010
"37033",1925,1507,418,2010
"37035",9740,8442,1298,2010
"37037",3548,3100,448,2010
"37039",1200,1403,-203,2010
"37041",1037,651,386,2010
"37043",682,778,-96,2010
"37045",5638,4785,853,2010
"37047",2103,2547,-444,2010
"37049",12648,8661,3987,2010
"37051",41092,33417,7675,2010
"37053",1465,1881,-416,2010
"37055",2469,2323,146,2010
"37057",8756,7576,1180,2010
"37059",2081,1855,226,2010
"37061",2993,3194,-201,2010
"37063",26802,21262,5540,2010
"37065",4032,3575,457,2010
"37067",20538,19077,1461,2010
"37069",4537,3351,1186,2010
"37071",11646,8642,3004,2010
"37073",861,720,141,2010
"37075",379,551,-172,2010
"37077",4731,3882,849,2010
"37079",1996,1377,619,2010
"37081",32653,28116,4537,2010
"37083",2734,3644,-910,2010
"37085",12091,8034,4057,2010
"37087",3276,2287,989,2010
"37089",6789,5608,1181,2010
"37091",2480,1591,889,2010
"37093",5614,4074,1540,2010
"37095",1048,544,504,2010
"37097",9499,8437,1062,2010
"37099",4057,2434,1623,2010
"37101",9955,9027,928,2010
"37103",764,893,-129,2010
"37105",3189,3539,-350,2010
"37107",2983,3063,-80,2010
"37109",3989,4017,-28,2010
"37111",1893,1493,400,2010
"37113",2009,1522,487,2010
"37115",1576,1396,180,2010
"37117",1189,1786,-597,2010
"37119",76501,53880,22621,2010
"37121",258,1382,-1124,2010
"37123",1202,1060,142,2010
"37125",5309,5133,176,2010
"37127",5997,6495,-498,2010
"37129",19820,13209,6611,2010
"37131",1203,1155,48,2010
"37133",34599,22651,11948,2010
"37135",16930,13494,3436,2010
"37137",849,948,-99,2010
"37139",3596,3125,471,2010
"37141",4279,3063,1216,2010
"37143",915,624,291,2010
"37145",1809,1945,-136,2010
"37147",14995,10348,4647,2010
"37149",1363,1032,331,2010
"37151",6787,6090,697,2010
"37153",1702,1812,-110,2010
"37155",5577,5705,-128,2010
"37157",3387,4097,-710,2010
"37159",8089,7051,1038,2010
"37161",2247,2846,-599,2010
"37163",3891,2784,1107,2010
"37165",2687,1932,755,2010
"37167",3059,2562,497,2010
"37169",2523,2312,211,2010
"37171",2672,2815,-143,2010
"37173",882,1287,-405,2010
"37175",2203,1714,489,2010
"37177",788,428,360,2010
"37179",12154,7673,4481,2010
"37181",2832,2298,534,2010
"37183",71532,46825,24707,2010
"37185",1050,1277,-227,2010
"37187",734,344,390,2010
"37189",6170,4180,1990,2010
"37191",7956,6435,1521,2010
"37193",2020,2440,-420,2010
"37195",4479,3212,1267,2010
"37197",1782,1603,179,2010
"37199",643,733,-90,2010
"38001",175,307,-132,2010
"38003",592,547,45,2010
"38005",184,474,-290,2010
"38007",29,18,11,2010
"38009",379,292,87,2010
"38011",101,237,-136,2010
"38013",95,119,-24,2010
"38015",5969,5978,-9,2010
"38017",13342,9668,3674,2010
"38019",83,152,-69,2010
"38021",510,171,339,2010
"38023",66,53,13,2010
"38025",243,49,194,2010
"38027",95,117,-22,2010
"38029",166,202,-36,2010
"38031",263,144,119,2010
"38033",66,58,8,2010
"38035",7947,6049,1898,2010
"38037",333,134,199,2010
"38039",119,241,-122,2010
"38041",59,328,-269,2010
"38043",159,138,21,2010
"38045",190,411,-221,2010
"38047",122,44,78,2010
"38049",287,405,-118,2010
"38051",77,133,-56,2010
"38053",285,382,-97,2010
"38055",389,627,-238,2010
"38057",427,503,-76,2010
"38059",1931,1926,5,2010
"38061",479,526,-47,2010
"38063",126,193,-67,2010
"38065",2,22,-20,2010
"38067",285,616,-331,2010
"38069",372,213,159,2010
"38071",354,531,-177,2010
"38073",407,409,-2,2010
"38075",206,111,95,2010
"38077",1755,902,853,2010
"38079",315,514,-199,2010
"38081",159,309,-150,2010
"38083",45,66,-21,2010
"38085",209,242,-33,2010
"38087",29,15,14,2010
"38089",2168,1309,859,2010
"38091",108,122,-14,2010
"38093",1584,1344,240,2010
"38095",105,227,-122,2010
"38097",470,524,-54,2010
"38099",490,595,-105,2010
"38101",6774,5239,1535,2010
"38103",307,251,56,2010
"38105",1294,998,296,2010
"39001",1278,1700,-422,2010
"39003",5852,5556,296,2010
"39005",3465,2288,1177,2010
"39007",5307,4912,395,2010
"39009",10807,5833,4974,2010
"39011",2104,2795,-691,2010
"39013",3398,2988,410,2010
"39015",1724,2443,-719,2010
"39017",23425,20359,3066,2010
"39019",1410,1919,-509,2010
"39021",1887,2632,-745,2010
"39023",5591,6634,-1043,2010
"39025",12710,11264,1446,2010
"39027",3304,3212,92,2010
"39029",4239,4992,-753,2010
"39031",1382,1859,-477,2010
"39033",2600,1678,922,2010
"39035",45867,58167,-12300,2010
"39037",2167,2691,-524,2010
"39039",1678,1651,27,2010
"39041",13500,9206,4294,2010
"39043",3818,4756,-938,2010
"39045",9883,6305,3578,2010
"39047",1697,1687,10,2010
"39049",67330,64895,2435,2010
"39051",2310,2072,238,2010
"39053",1664,1583,81,2010
"39055",4191,4599,-408,2010
"39057",16359,12274,4085,2010
"39059",1430,1547,-117,2010
"39061",41194,43882,-2688,2010
"39063",5925,4678,1247,2010
"39065",2452,2117,335,2010
"39067",740,724,16,2010
"39069",1376,1491,-115,2010
"39071",2866,3020,-154,2010
"39073",1483,1780,-297,2010
"39075",1152,1400,-248,2010
"39077",3441,3907,-466,2010
"39079",1391,1594,-203,2010
"39081",2940,3738,-798,2010
"39083",4086,3279,807,2010
"39085",9604,10958,-1354,2010
"39087",2499,2971,-472,2010
"39089",9163,9083,80,2010
"39091",2153,2952,-799,2010
"39093",14929,13297,1632,2010
"39095",19168,21366,-2198,2010
"39097",4855,3615,1240,2010
"39099",9175,11130,-1955,2010
"39101",4832,3887,945,2010
"39103",7912,9090,-1178,2010
"39105",1232,1640,-408,2010
"39107",1315,2525,-1210,2010
"39109",4967,5318,-351,2010
"39111",269,688,-419,2010
"39113",26223,31936,-5713,2010
"39115",522,583,-61,2010
"39117",1420,2618,-1198,2010
"39119",3747,3157,590,2010
"39121",1902,684,1218,2010
"39123",1869,1980,-111,2010
"39125",730,879,-149,2010
"39127",1604,2286,-682,2010
"39129",6299,3137,3162,2010
"39131",1697,2043,-346,2010
"39133",13272,9058,4214,2010
"39135",2231,2364,-133,2010
"39137",1010,1618,-608,2010
"39139",7560,6141,1419,2010
"39141",5358,5011,347,2010
"39143",2377,3102,-725,2010
"39145",3569,3850,-281,2010
"39147",3631,2957,674,2010
"39149",1971,2576,-605,2010
"39151",15672,14938,734,2010
"39153",20040,24268,-4228,2010
"39155",5630,9421,-3791,2010
"39157",2669,3728,-1059,2010
"39159",4530,3782,748,2010
"39161",1343,1558,-215,2010
"39163",800,992,-192,2010
"39165",16539,12742,3797,2010
"39167",3130,3456,-326,2010
"39169",4459,5200,-741,2010
"39171",2305,1757,548,2010
"39173",13332,9121,4211,2010
"39175",1312,1533,-221,2010
"40001",398,1928,-1530,2010
"40003",643,366,277,2010
"40005",1696,1129,567,2010
"40007",579,644,-65,2010
"40009",1911,1920,-9,2010
"40011",1311,1482,-171,2010
"40013",3437,2454,983,2010
"40015",2643,1557,1086,2010
"40017",10083,6814,3269,2010
"40019",1858,2964,-1106,2010
"40021",4194,2529,1665,2010
"40023",1290,1425,-135,2010
"40025",196,213,-17,2010
"40027",27167,18077,9090,2010
"40029",402,348,54,2010
"40031",16344,12456,3888,2010
"40033",550,442,108,2010
"40035",1726,1269,457,2010
"40037",5222,4905,317,2010
"40039",2590,2435,155,2010
"40041",2671,2680,-9,2010
"40043",324,378,-54,2010
"40045",238,324,-86,2010
"40047",4232,3775,457,2010
"40049",1426,1934,-508,2010
"40051",4484,4287,197,2010
"40053",379,376,3,2010
"40055",1140,723,417,2010
"40057",399,155,244,2010
"40059",298,286,12,2010
"40061",1005,784,221,2010
"40063",1381,1366,15,2010
"40065",2787,2676,111,2010
"40067",643,413,230,2010
"40069",754,847,-93,2010
"40071",2216,3100,-884,2010
"40073",791,1020,-229,2010
"40075",702,734,-32,2010
"40077",805,507,298,2010
"40079",3809,2227,1582,2010
"40081",1856,2318,-462,2010
"40083",3854,2735,1119,2010
"40085",636,830,-194,2010
"40087",3116,3330,-214,2010
"40089",1387,1943,-556,2010
"40091",1795,890,905,2010
"40093",362,495,-133,2010
"40095",824,998,-174,2010
"40097",2435,3303,-868,2010
"40099",1121,883,238,2010
"40101",4792,4177,615,2010
"40103",989,884,105,2010
"40105",597,627,-30,2010
"40107",854,1045,-191,2010
"40109",50009,47200,2809,2010
"40111",3109,2727,382,2010
"40113",3960,3769,191,2010
"40115",2917,2724,193,2010
"40117",1274,1477,-203,2010
"40119",10463,7429,3034,2010
"40121",4094,3251,843,2010
"40123",2482,2840,-358,2010
"40125",5436,4827,609,2010
"40127",1223,589,634,2010
"40129",192,166,26,2010
"40131",7708,5627,2081,2010
"40133",1607,1492,115,2010
"40135",2861,2385,476,2010
"40137",3737,2626,1111,2010
"40139",2067,1566,501,2010
"40141",723,855,-132,2010
"40143",40378,36981,3397,2010
"40145",6259,4788,1471,2010
"40147",2918,3882,-964,2010
"40149",836,536,300,2010
"40151",1337,965,372,2010
"40153",2063,1640,423,2010
"41001",1146,1725,-579,2010
"41003",11137,7608,3529,2010
"41005",29374,23336,6038,2010
"41007",3574,2982,592,2010
"41009",3321,2837,484,2010
"41011",4564,4086,478,2010
"41013",1956,1495,461,2010
"41015",1469,2160,-691,2010
"41017",10290,9499,791,2010
"41019",5893,5274,619,2010
"41021",128,212,-84,2010
"41023",379,520,-141,2010
"41025",631,489,142,2010
"41027",1134,1643,-509,2010
"41029",14362,10957,3405,2010
"41031",2407,1955,452,2010
"41033",4686,4523,163,2010
"41035",4367,4390,-23,2010
"41037",968,563,405,2010
"41039",26535,18715,7820,2010
"41041",3052,4099,-1047,2010
"41043",8693,7629,1064,2010
"41045",2905,3036,-131,2010
"41047",21080,18373,2707,2010
"41049",1163,992,171,2010
"41051",55861,55142,719,2010
"41053",7789,5287,2502,2010
"41055",112,280,-168,2010
"41057",1911,1608,303,2010
"41059",5572,5253,319,2010
"41061",1855,1974,-119,2010
"41063",383,564,-181,2010
"41065",1933,1621,312,2010
"41067",45050,31745,13305,2010
"41069",97,70,27,2010
"41071",9434,5450,3984,2010
"42001",6762,5011,1751,2010
"42003",50636,48103,2533,2010
"42005",2263,3321,-1058,2010
"42007",6384,6333,51,2010
"42009",1582,1390,192,2010
"42011",20276,15009,5267,2010
"42013",5621,6178,-557,2010
"42015",2080,2397,-317,2010
"42017",23348,27363,-4015,2010
"42019",9308,8018,1290,2010
"42021",6699,5666,1033,2010
"42023",67,315,-248,2010
"42025",2598,3297,-699,2010
"42027",24829,10301,14528,2010
"42029",29527,24503,5024,2010
"42031",3438,2016,1422,2010
"42033",5138,3270,1868,2010
"42035",3003,1650,1353,2010
"42037",4621,3329,1292,2010
"42039",4662,6350,-1688,2010
"42041",18684,12998,5686,2010
"42043",14042,15843,-1801,2010
"42045",30140,25995,4145,2010
"42047",636,1162,-526,2010
"42049",12291,12288,3,2010
"42051",7145,7132,13,2010
"42053",1734,747,987,2010
"42055",7381,6954,427,2010
"42057",571,862,-291,2010
"42059",2882,2026,856,2010
"42061",4359,2021,2338,2010
"42063",8405,4209,4196,2010
"42065",1364,1977,-613,2010
"42067",769,1051,-282,2010
"42069",10156,6732,3424,2010
"42071",21766,18059,3707,2010
"42073",2957,3505,-548,2010
"42075",6571,4848,1723,2010
"42077",20975,19479,1496,2010
"42079",13121,11451,1670,2010
"42081",5477,5976,-499,2010
"42083",1836,2125,-289,2010
"42085",6965,5020,1945,2010
"42087",1941,1711,230,2010
"42089",10261,9110,1151,2010
"42091",45866,41817,4049,2010
"42093",1493,1284,209,2010
"42095",19597,16544,3053,2010
"42097",5085,4165,920,2010
"42099",1785,1891,-106,2010
"42101",66096,72593,-6497,2010
"42103",3594,3872,-278,2010
"42105",668,891,-223,2010
"42107",8470,5534,2936,2010
"42109",2390,1899,491,2010
"42111",2976,3646,-670,2010
"42113",361,233,128,2010
"42115",1607,2249,-642,2010
"42117",2172,1715,457,2010
"42119",5087,3297,1790,2010
"42121",2535,2376,159,2010
"42123",1709,2024,-315,2010
"42125",8059,8861,-802,2010
"42127",3750,2899,851,2010
"42129",13561,15758,-2197,2010
"42131",1182,1544,-362,2010
"42133",20614,16514,4100,2010
"44001",3830,2941,889,2010
"44003",7813,8909,-1096,2010
"44005",6520,6655,-135,2010
"44007",27408,26604,804,2010
"44009",7905,6144,1761,2010
"45001",1579,1305,274,2010
"45003",7278,7010,268,2010
"45005",913,303,610,2010
"45007",10117,8284,1833,2010
"45009",1968,666,1302,2010
"45011",842,1427,-585,2010
"45013",15476,13288,2188,2010
"45015",17203,12106,5097,2010
"45017",743,873,-130,2010
"45019",30439,28103,2336,2010
"45021",1529,1776,-247,2010
"45023",1231,1649,-418,2010
"45025",1877,1241,636,2010
"45027",1594,1753,-159,2010
"45029",1588,1666,-78,2010
"45031",2732,2394,338,2010
"45033",1772,1260,512,2010
"45035",11667,10247,1420,2010
"45037",2191,1434,757,2010
"45039",451,1591,-1140,2010
"45041",7771,7346,425,2010
"45043",3050,3058,-8,2010
"45045",31329,23937,7392,2010
"45047",4413,4010,403,2010
"45049",945,1021,-76,2010
"45051",19510,12084,7426,2010
"45053",2071,1804,267,2010
"45055",2883,3624,-741,2010
"45057",3402,3706,-304,2010
"45059",4676,2966,1710,2010
"45061",816,947,-131,2010
"45063",17537,12422,5115,2010
"45065",741,406,335,2010
"45067",1614,1936,-322,2010
"45069",1831,1435,396,2010
"45071",1837,1927,-90,2010
"45073",4035,2521,1514,2010
"45075",4572,5506,-934,2010
"45077",11212,7944,3268,2010
"45079",47662,28061,19601,2010
"45081",958,1222,-264,2010
"45083",14836,11206,3630,2010
"45085",4767,6904,-2137,2010
"45087",937,751,186,2010
"45089",1080,1050,30,2010
"45091",14053,9595,4458,2010
"46003",221,251,-30,2010
"46005",903,730,173,2010
"46007",188,179,9,2010
"46009",724,500,224,2010
"46011",4107,2821,1286,2010
"46013",1983,1844,139,2010
"46015",449,484,-35,2010
"46017",120,175,-55,2010
"46019",634,918,-284,2010
"46021",79,62,17,2010
"46023",464,748,-284,2010
"46025",126,67,59,2010
"46027",2534,2511,23,2010
"46029",1425,1603,-178,2010
"46031",371,460,-89,2010
"46033",706,785,-79,2010
"46035",1836,1329,507,2010
"46037",484,624,-140,2010
"46039",266,133,133,2010
"46041",225,468,-243,2010
"46043",222,34,188,2010
"46045",99,290,-191,2010
"46047",1021,672,349,2010
"46049",52,156,-104,2010
"46051",274,525,-251,2010
"46053",203,253,-50,2010
"46055",113,169,-56,2010
"46057",405,282,123,2010
"46059",164,76,88,2010
"46061",213,267,-54,2010
"46063",47,115,-68,2010
"46065",1008,1134,-126,2010
"46067",563,372,191,2010
"46069",40,98,-58,2010
"46071",135,336,-201,2010
"46073",84,48,36,2010
"46075",107,32,75,2010
"46077",208,330,-122,2010
"46079",998,669,329,2010
"46081",2450,2069,381,2010
"46083",3602,2870,732,2010
"46085",208,334,-126,2010
"46087",383,311,72,2010
"46089",49,135,-86,2010
"46091",175,418,-243,2010
"46093",2620,1891,729,2010
"46095",94,74,20,2010
"46097",87,217,-130,2010
"46099",11219,11204,15,2010
"46101",337,315,22,2010
"46103",9310,7276,2034,2010
"46105",146,220,-74,2010
"46107",113,103,10,2010
"46109",270,594,-324,2010
"46111",280,149,131,2010
"46113",552,1014,-462,2010
"46115",319,422,-103,2010
"46117",294,198,96,2010
"46119",114,48,66,2010
"46121",352,380,-28,2010
"46123",282,356,-74,2010
"46125",422,440,-18,2010
"46127",1388,1404,-16,2010
"46129",545,605,-60,2010
"46135",1677,1573,104,2010
"46137",274,136,138,2010
"47001",5652,5095,557,2010
"47003",2066,2074,-8,2010
"47005",1303,825,478,2010
"47007",755,540,215,2010
"47009",7686,5640,2046,2010
"47011",6107,5906,201,2010
"47013",1664,1668,-4,2010
"47015",883,402,481,2010
"47017",2066,1581,485,2010
"47019",3817,2192,1625,2010
"47021",2774,2411,363,2010
"47023",1142,1105,37,2010
"47025",1458,1672,-214,2010
"47027",266,241,25,2010
"47029",1443,1762,-319,2010
"47031",3195,3367,-172,2010
"47033",692,734,-42,2010
"47035",3185,2262,923,2010
"47037",46873,43734,3139,2010
"47039",579,515,64,2010
"47041",1455,713,742,2010
"47043",3449,2807,642,2010
"47045",2050,1328,722,2010
"47047",2333,1915,418,2010
"47049",340,1113,-773,2010
"47051",2339,2275,64,2010
"47053",2663,2207,456,2010
"47055",1528,1562,-34,2010
"47057",1479,961,518,2010
"47059",3020,1898,1122,2010
"47061",420,661,-241,2010
"47063",3592,3695,-103,2010
"47065",20254,16372,3882,2010
"47067",293,236,57,2010
"47069",2073,1741,332,2010
"47071",1256,907,349,2010
"47073",4301,3002,1299,2010
"47075",560,944,-384,2010
"47077",1600,1121,479,2010
"47079",1498,1470,28,2010
"47081",2012,1291,721,2010
"47083",310,408,-98,2010
"47085",820,732,88,2010
"47087",503,576,-73,2010
"47089",4545,2671,1874,2010
"47091",717,1095,-378,2010
"47093",27740,24571,3169,2010
"47095",745,496,249,2010
"47097",1770,1456,314,2010
"47099",1409,1661,-252,2010
"47101",1154,515,639,2010
"47103",1183,972,211,2010
"47105",3403,2437,966,2010
"47107",3272,2338,934,2010
"47109",1148,1262,-114,2010
"47111",847,1405,-558,2010
"47113",5680,5415,265,2010
"47115",1155,1592,-437,2010
"47117",1627,1664,-37,2010
"47119",6641,3540,3101,2010
"47121",1379,893,486,2010
"47123",2597,2084,513,2010
"47125",19922,14368,5554,2010
"47127",628,474,154,2010
"47129",1332,1076,256,2010
"47131",1414,1889,-475,2010
"47133",1046,1047,-1,2010
"47135",319,608,-289,2010
"47137",222,243,-21,2010
"47139",1410,1033,377,2010
"47141",6814,3774,3040,2010
"47143",1944,2282,-338,2010
"47145",2758,3278,-520,2010
"47147",3545,4283,-738,2010
"47149",20906,13297,7609,2010
"47151",641,428,213,2010
"47153",600,514,86,2010
"47155",7107,4793,2314,2010
"47157",39114,41672,-2558,2010
"47159",787,622,165,2010
"47161",626,774,-148,2010
"47163",8803,9705,-902,2010
"47165",13516,8773,4743,2010
"47167",3674,3542,132,2010
"47169",384,636,-252,2010
"47171",825,1028,-203,2010
"47173",1022,893,129,2010
"47175",271,407,-136,2010
"47177",1122,1780,-658,2010
"47179",10330,8139,2191,2010
"47181",1643,965,678,2010
"47183",2912,1655,1257,2010
"47185",1030,1060,-30,2010
"47187",12452,11350,1102,2010
"47189",7193,6542,651,2010
"48001",6575,5887,688,2010
"48003",642,465,177,2010
"48005",6681,4581,2100,2010
"48007",2004,1706,298,2010
"48009",359,1279,-920,2010
"48011",290,170,120,2010
"48013",2319,2381,-62,2010
"48015",1620,2158,-538,2010
"48017",495,398,97,2010
"48019",1300,1611,-311,2010
"48021",4418,4996,-578,2010
"48023",190,613,-423,2010
"48025",5458,4108,1350,2010
"48027",39914,30555,9359,2010
"48029",97633,76062,21571,2010
"48031",540,625,-85,2010
"48033",39,20,19,2010
"48035",1707,1887,-180,2010
"48037",7852,7873,-21,2010
"48039",25449,17777,7672,2010
"48041",26909,16002,10907,2010
"48043",1450,896,554,2010
"48045",44,324,-280,2010
"48047",429,581,-152,2010
"48049",2522,2244,278,2010
"48051",1039,1538,-499,2010
"48053",3135,3240,-105,2010
"48055",4502,2699,1803,2010
"48057",1436,1133,303,2010
"48059",1090,981,109,2010
"48061",12349,15391,-3042,2010
"48063",769,888,-119,2010
"48065",570,802,-232,2010
"48067",1445,2291,-846,2010
"48069",398,797,-399,2010
"48071",2403,2184,219,2010
"48073",2240,2912,-672,2010
"48075",999,714,285,2010
"48077",871,680,191,2010
"48079",292,582,-290,2010
"48081",430,481,-51,2010
"48083",277,554,-277,2010
"48085",71925,45112,26813,2010
"48087",202,362,-160,2010
"48089",1283,1455,-172,2010
"48091",10598,7144,3454,2010
"48093",816,847,-31,2010
"48095",872,215,657,2010
"48097",3499,3252,247,2010
"48099",14086,11070,3016,2010
"48101",159,232,-73,2010
"48103",216,486,-270,2010
"48105",87,252,-165,2010
"48107",513,707,-194,2010
"48109",250,258,-8,2010
"48111",666,720,-54,2010
"48113",142354,152864,-10510,2010
"48115",1488,1085,403,2010
"48117",947,939,8,2010
"48119",151,484,-333,2010
"48121",70901,43932,26969,2010
"48123",1549,1353,196,2010
"48125",487,164,323,2010
"48127",347,561,-214,2010
"48129",483,257,226,2010
"48131",1099,934,165,2010
"48133",1593,2315,-722,2010
"48135",8485,6872,1613,2010
"48137",94,158,-64,2010
"48139",11725,7502,4223,2010
"48141",34942,35280,-338,2010
"48143",3666,3180,486,2010
"48145",1667,1669,-2,2010
"48147",3403,2611,792,2010
"48149",1232,966,266,2010
"48151",298,320,-22,2010
"48153",300,371,-71,2010
"48155",50,104,-54,2010
"48157",42874,28190,14684,2010
"48159",1301,718,583,2010
"48161",1626,1673,-47,2010
"48163",1706,1212,494,2010
"48165",901,1071,-170,2010
"48167",22711,20647,2064,2010
"48169",747,202,545,2010
"48171",1454,1286,168,2010
"48173",56,23,33,2010
"48175",434,528,-94,2010
"48177",1147,1393,-246,2010
"48179",2044,1535,509,2010
"48181",7730,6874,856,2010
"48183",10066,8677,1389,2010
"48185",3056,2038,1018,2010
"48187",11746,7357,4389,2010
"48189",4092,2168,1924,2010
"48191",207,315,-108,2010
"48193",470,633,-163,2010
"48195",245,519,-274,2010
"48197",340,584,-244,2010
"48199",4108,4205,-97,2010
"48201",215924,177658,38266,2010
"48203",4547,4026,521,2010
"48205",895,433,462,2010
"48207",161,405,-244,2010
"48209",22482,12412,10070,2010
"48211",320,590,-270,2010
"48213",6812,5489,1323,2010
"48215",29132,21013,8119,2010
"48217",2599,3280,-681,2010
"48219",2386,1765,621,2010
"48221",4041,4159,-118,2010
"48223",2378,1830,548,2010
"48225",1523,2062,-539,2010
"48227",4003,1786,2217,2010
"48229",156,331,-175,2010
"48231",6080,6337,-257,2010
"48233",1976,1547,429,2010
"48235",152,105,47,2010
"48237",1241,804,437,2010
"48239",592,1121,-529,2010
"48241",2579,2506,73,2010
"48243",343,233,110,2010
"48245",15522,18164,-2642,2010
"48247",419,389,30,2010
"48249",2627,1967,660,2010
"48251",11960,10350,1610,2010
"48253",3367,1681,1686,2010
"48255",3616,807,2809,2010
"48257",10538,7874,2664,2010
"48259",3497,2484,1013,2010
"48263",112,192,-80,2010
"48265",4371,3152,1219,2010
"48267",565,136,429,2010
"48269",50,24,26,2010
"48271",261,300,-39,2010
"48273",3343,2222,1121,2010
"48275",200,384,-184,2010
"48277",2874,3134,-260,2010
"48279",785,1436,-651,2010
"48281",2350,1567,783,2010
"48283",889,634,255,2010
"48285",886,1304,-418,2010
"48287",1718,1245,473,2010
"48289",1093,1318,-225,2010
"48291",9575,6195,3380,2010
"48293",2764,1573,1191,2010
"48295",406,313,93,2010
"48297",1216,752,464,2010
"48299",1033,1184,-151,2010
"48301",4,8,-4,2010
"48303",22173,18036,4137,2010
"48305",364,761,-397,2010
"48307",537,470,67,2010
"48309",18036,14146,3890,2010
"48311",178,29,149,2010
"48313",1118,1100,18,2010
"48315",533,720,-187,2010
"48317",274,517,-243,2010
"48319",180,348,-168,2010
"48321",2284,2389,-105,2010
"48323",2525,2470,55,2010
"48325",2883,2866,17,2010
"48327",127,120,7,2010
"48329",9054,9877,-823,2010
"48331",1128,1885,-757,2010
"48333",269,461,-192,2010
"48335",2098,1077,1021,2010
"48337",1237,1411,-174,2010
"48339",41896,23788,18108,2010
"48341",1918,1685,233,2010
"48343",1143,704,439,2010
"48345",66,26,40,2010
"48347",7285,4117,3168,2010
"48349",4360,2947,1413,2010
"48351",1096,1144,-48,2010
"48353",1148,1458,-310,2010
"48355",21097,20676,421,2010
"48357",1143,575,568,2010
"48359",106,132,-26,2010
"48361",4417,7096,-2679,2010
"48363",1866,2490,-624,2010
"48365",1350,1544,-194,2010
"48367",10496,8192,2304,2010
"48369",770,913,-143,2010
"48371",1375,1881,-506,2010
"48373",3248,3863,-615,2010
"48375",13362,12079,1283,2010
"48377",339,579,-240,2010
"48379",1093,1062,31,2010
"48381",10537,10690,-153,2010
"48383",191,401,-210,2010
"48385",161,607,-446,2010
"48387",787,801,-14,2010
"48389",856,569,287,2010
"48391",617,321,296,2010
"48393",54,30,24,2010
"48395",948,898,50,2010
"48397",9019,5617,3402,2010
"48399",394,1054,-660,2010
"48401",5463,3600,1863,2010
"48403",550,562,-12,2010
"48405",242,706,-464,2010
"48407",1795,1764,31,2010
"48409",6585,7895,-1310,2010
"48411",489,398,91,2010
"48413",402,331,71,2010
"48415",1879,1282,597,2010
"48417",214,263,-49,2010
"48419",1293,966,327,2010
"48421",371,160,211,2010
"48423",15296,12717,2579,2010
"48425",1033,541,492,2010
"48427",1724,2463,-739,2010
"48429",1353,1142,211,2010
"48431",64,126,-62,2010
"48433",136,88,48,2010
"48435",280,189,91,2010
"48437",1244,643,601,2010
"48439",114239,96895,17344,2010
"48441",13397,12127,1270,2010
"48443",89,22,67,2010
"48445",1323,858,465,2010
"48447",27,60,-33,2010
"48449",2122,1563,559,2010
"48451",10645,8323,2322,2010
"48453",90034,68796,21238,2010
"48455",1294,1491,-197,2010
"48457",1764,1419,345,2010
"48459",3166,2732,434,2010
"48461",551,463,88,2010
"48463",1779,1729,50,2010
"48465",2769,3205,-436,2010
"48467",3838,3659,179,2010
"48469",6002,4429,1573,2010
"48471",12899,7435,5464,2010
"48473",2992,2847,145,2010
"48475",938,1158,-220,2010
"48477",2844,1729,1115,2010
"48479",8655,5799,2856,2010
"48481",1650,1850,-200,2010
"48483",458,398,60,2010
"48485",14088,12117,1971,2010
"48487",1062,1308,-246,2010
"48489",1185,1113,72,2010
"48491",43604,27034,16570,2010
"48493",3026,1894,1132,2010
"48495",739,481,258,2010
"48497",5477,4457,1020,2010
"48499",4674,3395,1279,2010
"48501",160,446,-286,2010
"48503",1631,1019,612,2010
"48505",453,857,-404,2010
"48507",969,427,542,2010
"49001",576,645,-69,2010
"49003",2573,2390,183,2010
"49005",13208,7669,5539,2010
"49007",2131,1220,911,2010
"49009",179,47,132,2010
"49011",24795,20934,3861,2010
"49013",1078,1092,-14,2010
"49015",530,753,-223,2010
"49017",309,740,-431,2010
"49019",719,1046,-327,2010
"49021",5709,3673,2036,2010
"49023",593,724,-131,2010
"49025",735,678,57,2010
"49027",653,1104,-451,2010
"49029",380,640,-260,2010
"49031",104,37,67,2010
"49033",104,92,12,2010
"49035",59859,51857,8002,2010
"49037",1009,697,312,2010
"49039",3360,2198,1162,2010
"49041",1295,1454,-159,2010
"49043",2547,3072,-525,2010
"49045",4986,3723,1263,2010
"49047",2302,1948,354,2010
"49049",48221,30563,17658,2010
"49051",1597,1274,323,2010
"49053",12356,10689,1667,2010
"49055",211,424,-213,2010
"49057",15294,13783,1511,2010
"50001",2408,2448,-40,2010
"50003",2039,2207,-168,2010
"50005",1898,1498,400,2010
"50007",11336,10058,1278,2010
"50009",380,348,32,2010
"50011",2067,3060,-993,2010
"50013",539,525,14,2010
"50015",1601,1852,-251,2010
"50017",1554,2502,-948,2010
"50019",1104,1437,-333,2010
"50021",3685,3408,277,2010
"50023",3796,3203,593,2010
"50025",3134,3443,-309,2010
"50027",4552,3500,1052,2010
"51001",1625,2440,-815,2010
"51003",13892,12194,1698,2010
"51005",866,1565,-699,2010
"51007",601,754,-153,2010
"51009",2633,2147,486,2010
"51011",774,622,152,2010
"51013",29613,26926,2687,2010
"51015",3378,7299,-3921,2010
"51017",278,578,-300,2010
"51019",4542,3188,1354,2010
"51021",495,181,314,2010
"51023",1303,2044,-741,2010
"51025",1284,1342,-58,2010
"51027",628,1086,-458,2010
"51029",1772,1110,662,2010
"51031",3863,3238,625,2010
"51033",2231,2205,26,2010
"51035",1463,2136,-673,2010
"51036",243,464,-221,2010
"51037",357,825,-468,2010
"51041",22060,17094,4966,2010
"51043",1120,953,167,2010
"51045",305,82,223,2010
"51047",3702,2809,893,2010
"51049",744,767,-23,2010
"51051",861,326,535,2010
"51053",1659,1684,-25,2010
"51057",774,346,428,2010
"51059",87638,72979,14659,2010
"51061",4086,4327,-241,2010
"51063",513,1127,-614,2010
"51065",1515,1741,-226,2010
"51067",3103,2153,950,2010
"51069",6027,6267,-240,2010
"51071",961,1334,-373,2010
"51073",3109,1965,1144,2010
"51075",1328,1547,-219,2010
"51077",859,853,6,2010
"51079",881,1346,-465,2010
"51081",629,651,-22,2010
"51083",1653,1635,18,2010
"51085",6622,4947,1675,2010
"51087",24793,19764,5029,2010
"51089",3232,4165,-933,2010
"51091",123,126,-3,2010
"51093",2516,1875,641,2010
"51095",6904,4953,1951,2010
"51097",175,211,-36,2010
"51099",3428,1790,1638,2010
"51101",911,1274,-363,2010
"51103",218,561,-343,2010
"51105",1027,1446,-419,2010
"51107",25307,17787,7520,2010
"51109",1634,1685,-51,2010
"51111",875,833,42,2010
"51113",509,516,-7,2010
"51115",504,346,158,2010
"51117",1875,2133,-258,2010
"51119",478,739,-261,2010
"51121",15648,9329,6319,2010
"51125",1148,874,274,2010
"51127",1465,1377,88,2010
"51131",494,883,-389,2010
"51133",560,547,13,2010
"51135",733,1706,-973,2010
"51137",2867,2369,498,2010
"51139",918,1496,-578,2010
"51141",370,978,-608,2010
"51143",3285,4579,-1294,2010
"51145",4256,1562,2694,2010
"51147",2673,1810,863,2010
"51149",5505,4206,1299,2010
"51153",35450,34113,1337,2010
"51155",2502,2072,430,2010
"51157",288,523,-235,2010
"51159",699,531,168,2010
"51161",8963,6185,2778,2010
"51163",1039,2153,-1114,2010
"51165",4944,9958,-5014,2010
"51167",1392,1100,292,2010
"51169",982,1051,-69,2010
"51171",2671,2414,257,2010
"51173",2278,1353,925,2010
"51175",1229,1106,123,2010
"51177",9573,9767,-194,2010
"51179",15881,13472,2409,2010
"51181",293,446,-153,2010
"51183",754,398,356,2010
"51185",2221,2099,122,2010
"51187",2742,2555,187,2010
"51191",2941,4222,-1281,2010
"51193",900,869,31,2010
"51195",2151,2163,-12,2010
"51197",1362,1501,-139,2010
"51199",7725,6768,957,2010
"51510",22509,19022,3487,2010
"51515",495,1105,-610,2010
"51520",3106,787,2319,2010
"51530",972,168,804,2010
"51540",9545,5627,3918,2010
"51550",19443,20484,-1041,2010
"51570",1282,1618,-336,2010
"51580",953,481,472,2010
"51590",4202,2235,1967,2010
"51595",367,274,93,2010
"51600",2815,13173,-10358,2010
"51610",1565,1844,-279,2010
"51620",528,488,40,2010
"51630",4085,5312,-1227,2010
"51640",888,666,222,2010
"51650",15212,15292,-80,2010
"51660",14599,2723,11876,2010
"51670",1835,2009,-174,2010
"51678",1603,898,705,2010
"51680",10021,5474,4547,2010
"51683",5651,3728,1923,2010
"51685",1510,751,759,2010
"51690",2566,1549,1017,2010
"51700",26421,18204,8217,2010
"51710",30151,30635,-484,2010
"51720",464,726,-262,2010
"51730",1522,3449,-1927,2010
"51735",624,898,-274,2010
"51740",11717,9733,1984,2010
"51750",4612,1739,2873,2010
"51760",23660,23405,255,2010
"51770",7943,10395,-2452,2010
"51775",3192,2187,1005,2010
"51790",3759,945,2814,2010
"51800",6894,6503,391,2010
"51810",45866,42390,3476,2010
"51820",2266,870,1396,2010
"51830",3219,2938,281,2010
"51840",5359,2210,3149,2010
"53001",748,1166,-418,2010
"53003",1601,1691,-90,2010
"53005",13767,10307,3460,2010
"53007",4416,5392,-976,2010
"53009",4898,4851,47,2010
"53011",29314,22135,7179,2010
"53013",406,440,-34,2010
"53015",6930,5861,1069,2010
"53017",2919,2930,-11,2010
"53019",342,641,-299,2010
"53021",6460,4804,1656,2010
"53023",207,57,150,2010
"53025",5219,4144,1075,2010
"53027",5034,5047,-13,2010
"53029",8454,7119,1335,2010
"53031",2202,2121,81,2010
"53033",127805,106545,21260,2010
"53035",18842,17852,990,2010
"53037",4651,3993,658,2010
"53039",1470,1737,-267,2010
"53041",5192,3972,1220,2010
"53043",1038,740,298,2010
"53045",5163,4261,902,2010
"53047",1478,2937,-1459,2010
"53049",1501,1806,-305,2010
"53051",842,1141,-299,2010
"53053",64282,47502,16780,2010
"53055",1071,918,153,2010
"53057",8402,6175,2227,2010
"53059",589,1045,-456,2010
"53061",47581,36484,11097,2010
"53063",30499,23951,6548,2010
"53065",2483,2921,-438,2010
"53067",19738,14301,5437,2010
"53069",285,665,-380,2010
"53071",6685,4184,2501,2010
"53073",14116,10699,3417,2010
"53075",7886,5213,2673,2010
"53077",11559,9617,1942,2010
"54001",825,1089,-264,2010
"54003",6468,6181,287,2010
"54005",814,988,-174,2010
"54007",975,715,260,2010
"54009",737,1369,-632,2010
"54011",7236,5522,1714,2010
"54013",404,298,106,2010
"54015",508,186,322,2010
"54017",331,487,-156,2010
"54019",2420,2507,-87,2010
"54021",996,660,336,2010
"54023",645,643,2,2010
"54025",2175,1493,682,2010
"54027",862,1350,-488,2010
"54029",1890,1205,685,2010
"54031",346,641,-295,2010
"54033",3177,2736,441,2010
"54035",903,933,-30,2010
"54037",3959,3199,760,2010
"54039",9423,8573,850,2010
"54041",867,572,295,2010
"54043",1036,749,287,2010
"54045",1511,1418,93,2010
"54047",415,1698,-1283,2010
"54049",2806,2269,537,2010
"54051",1539,1406,133,2010
"54053",1167,1567,-400,2010
"54055",3063,3108,-45,2010
"54057",1779,1161,618,2010
"54059",954,1184,-230,2010
"54061",10621,5955,4666,2010
"54063",847,751,96,2010
"54065",838,1033,-195,2010
"54067",679,1195,-516,2010
"54069",2390,2644,-254,2010
"54071",463,615,-152,2010
"54073",397,610,-213,2010
"54075",523,146,377,2010
"54077",1646,1282,364,2010
"54079",2826,3284,-458,2010
"54081",5517,4369,1148,2010
"54083",1763,981,782,2010
"54085",291,581,-290,2010
"54087",1024,766,258,2010
"54089",745,568,177,2010
"54091",585,808,-223,2010
"54093",295,361,-66,2010
"54095",340,624,-284,2010
"54097",1259,941,318,2010
"54099",1864,1578,286,2010
"54101",123,506,-383,2010
"54103",485,664,-179,2010
"54105",355,365,-10,2010
"54107",4588,3979,609,2010
"54109",646,833,-187,2010
"55001",1453,1165,288,2010
"55003",702,892,-190,2010
"55005",2352,2863,-511,2010
"55007",892,1071,-179,2010
"55009",12717,12878,-161,2010
"55011",483,784,-301,2010
"55013",606,1070,-464,2010
"55015",2822,2778,44,2010
"55017",3771,2946,825,2010
"55019",1456,1845,-389,2010
"55021",3706,3952,-246,2010
"55023",1243,1283,-40,2010
"55025",33424,28463,4961,2010
"55027",8305,5649,2656,2010
"55029",1102,1159,-57,2010
"55031",3187,2146,1041,2010
"55033",4704,2929,1775,2010
"55035",8699,7112,1587,2010
"55037",191,355,-164,2010
"55039",5436,4710,726,2010
"55041",586,582,4,2010
"55043",4121,2639,1482,2010
"55045",1530,1539,-9,2010
"55047",1071,1400,-329,2010
"55049",1161,1621,-460,2010
"55051",316,535,-219,2010
"55053",1711,1331,380,2010
"55055",5204,4719,485,2010
"55057",1692,1706,-14,2010
"55059",9688,9530,158,2010
"55061",839,913,-74,2010
"55063",7871,6394,1477,2010
"55065",658,696,-38,2010
"55067",997,977,20,2010
"55069",1416,1496,-80,2010
"55071",2946,3365,-419,2010
"55073",6110,5820,290,2010
"55075",2334,1624,710,2010
"55077",1044,1498,-454,2010
"55078",242,418,-176,2010
"55079",39643,45727,-6084,2010
"55081",2288,2637,-349,2010
"55083",1734,1700,34,2010
"55085",2965,2010,955,2010
"55087",10181,10661,-480,2010
"55089",5661,6284,-623,2010
"55091",334,485,-151,2010
"55093",4073,3078,995,2010
"55095",1855,2124,-269,2010
"55097",5294,3810,1484,2010
"55099",624,626,-2,2010
"55101",9578,9832,-254,2010
"55103",1138,817,321,2010
"55105",6757,7171,-414,2010
"55107",1173,849,324,2010
"55109",5699,5664,35,2010
"55111",2977,3595,-618,2010
"55113",840,1291,-451,2010
"55115",2238,2742,-504,2010
"55117",4586,4644,-58,2010
"55119",669,1114,-445,2010
"55121",1003,1381,-378,2010
"55123",1464,1785,-321,2010
"55125",1370,1965,-595,2010
"55127",6983,6229,754,2010
"55129",754,1355,-601,2010
"55131",6403,6254,149,2010
"55133",21369,18743,2626,2010
"55135",2439,2867,-428,2010
"55137",1697,1857,-160,2010
"55139",12786,10744,2042,2010
"55141",3449,3622,-173,2010
"56001",5535,5292,243,2010
"56003",681,749,-68,2010
"56005",3121,2927,194,2010
"56007",1666,1575,91,2010
"56009",1267,740,527,2010
"56011",376,506,-130,2010
"56013",2196,2186,10,2010
"56015",1052,635,417,2010
"56017",382,396,-14,2010
"56019",731,434,297,2010
"56021",6590,7118,-528,2010
"56023",1154,1151,3,2010
"56025",5196,4605,591,2010
"56027",331,321,10,2010
"56029",2855,2084,771,2010
"56031",446,924,-478,2010
"56033",2037,2052,-15,2010
"56035",758,1003,-245,2010
"56037",3383,3340,43,2010
"56039",1465,2046,-581,2010
"56041",1605,1676,-71,2010
"56043",455,549,-94,2010
"56045",865,374,491,2010
"72001",240,288,-48,2010
"72003",903,901,2,2010
"72005",3416,1410,2006,2010
"72007",439,726,-287,2010
"72009",411,803,-392,2010
"72011",514,599,-85,2010
"72013",3492,2066,1426,2010
"72015",658,636,22,2010
"72017",1268,540,728,2010
"72019",850,427,423,2010
"72021",10949,6853,4096,2010
"72023",1601,911,690,2010
"72025",4306,3426,880,2010
"72027",853,870,-17,2010
"72029",2096,2348,-252,2010
"72031",7898,6039,1859,2010
"72033",839,1277,-438,2010
"72035",1366,1272,94,2010
"72037",857,571,286,2010
"72039",348,346,2,2010
"72041",2172,1246,926,2010
"72043",709,1001,-292,2010
"72045",66,637,-571,2010
"72047",283,702,-419,2010
"72049",62,208,-146,2010
"72051",665,1334,-669,2010
"72053",2650,1211,1439,2010
"72054",473,456,17,2010
"72055",489,487,2,2010
"72057",1560,1581,-21,2010
"72059",491,528,-37,2010
"72061",5392,3796,1596,2010
"72063",1358,927,431,2010
"72065",753,859,-106,2010
"72067",724,691,33,2010
"72069",2248,1740,508,2010
"72071",988,747,241,2010
"72073",479,171,308,2010
"72075",875,1019,-144,2010
"72077",858,1539,-681,2010
"72079",391,486,-95,2010
"72081",797,710,87,2010
"72083",524,94,430,2010
"72085",1949,638,1311,2010
"72087",1153,1326,-173,2010
"72089",1574,1117,457,2010
"72091",784,1072,-288,2010
"72093",217,130,87,2010
"72095",235,266,-31,2010
"72097",4110,2589,1521,2010
"72099",1638,786,852,2010
"72101",757,593,164,2010
"72103",1010,705,305,2010
"72105",273,456,-183,2010
"72107",712,416,296,2010
"72109",476,460,16,2010
"72111",475,331,144,2010
"72113",6791,2821,3970,2010
"72115",365,520,-155,2010
"72117",403,393,10,2010
"72119",3940,2216,1724,2010
"72121",440,481,-41,2010
"72123",901,910,-9,2010
"72125",1109,911,198,2010
"72127",20457,11128,9329,2010
"72129",1373,551,822,2010
"72131",1704,1321,383,2010
"72133",670,391,279,2010
"72135",2053,1377,676,2010
"72137",3471,2844,627,2010
"72139",5134,2691,2443,2010
"72141",617,958,-341,2010
"72143",1401,680,721,2010
"72145",600,1495,-895,2010
"72147",54,444,-390,2010
"72149",1077,161,916,2010
"72151",1279,1010,269,2010
"72153",1171,814,357,2010
"01001",5215,4675,540,2015
"01003",11471,9895,1576,2015
"01005",1729,1651,78,2015
"01007",1953,1909,44,2015
"01009",2703,3408,-705,2015
"01011",510,818,-308,2015
"01013",572,1188,-616,2015
"01015",8310,5609,2701,2015
"01017",1704,1803,-99,2015
"01019",976,910,66,2015
"01021",1646,2066,-420,2015
"01023",479,775,-296,2015
"01025",569,1381,-812,2015
"01027",517,552,-35,2015
"01029",720,649,71,2015
"01031",4929,4385,544,2015
"01033",3154,2709,445,2015
"01035",189,763,-574,2015
"01037",904,744,160,2015
"01039",1612,1311,301,2015
"01041",852,438,414,2015
"01043",3154,2806,348,2015
"01045",5874,4780,1094,2015
"01047",1472,1951,-479,2015
"01049",3823,3378,445,2015
"01051",6994,6650,344,2015
"01053",1182,1543,-361,2015
"01055",4801,4476,325,2015
"01057",689,694,-5,2015
"01059",2339,1670,669,2015
"01061",1255,1780,-525,2015
"01063",266,243,23,2015
"01065",349,850,-501,2015
"01067",934,1176,-242,2015
"01069",5264,6008,-744,2015
"01071",1597,1946,-349,2015
"01073",33672,31841,1831,2015
"01075",727,662,65,2015
"01077",5156,4874,282,2015
"01079",1598,1208,390,2015
"01081",17482,11408,6074,2015
"01083",4728,3932,796,2015
"01085",367,723,-356,2015
"01087",1641,2064,-423,2015
"01089",19729,17184,2545,2015
"01091",912,1008,-96,2015
"01093",1407,1709,-302,2015
"01095",4910,5501,-591,2015
"01097",12641,16156,-3515,2015
"01099",721,518,203,2015
"01101",17613,13985,3628,2015
"01103",5569,5738,-169,2015
"01105",599,775,-176,2015
"01107",778,1026,-248,2015
"01109",2347,1872,475,2015
"01111",813,1436,-623,2015
"01113",5402,5421,-19,2015
"01115",5116,4746,370,2015
"01117",15503,13579,1924,2015
"01119",640,1045,-405,2015
"01121",4850,5411,-561,2015
"01123",1692,2509,-817,2015
"01125",16265,9869,6396,2015
"01127",3251,2383,868,2015
"01129",540,737,-197,2015
"01131",389,1042,-653,2015
"01133",933,1465,-532,2015
"02013",464,444,20,2015
"02016",635,414,221,2015
"02020",21551,47239,-25688,2015
"02050",650,916,-266,2015
"02060",115,244,-129,2015
"02068",358,680,-322,2015
"02070",269,208,61,2015
"02090",12715,15007,-2292,2015
"02100",201,230,-29,2015
"02105",116,357,-241,2015
"02110",1979,3129,-1150,2015
"02122",4215,7100,-2885,2015
"02130",1151,1362,-211,2015
"02150",1316,2778,-1462,2015
"02158",258,428,-170,2015
"02164",68,214,-146,2015
"02170",7178,8485,-1307,2015
"02180",494,1429,-935,2015
"02185",944,431,513,2015
"02188",362,630,-268,2015
"02195",179,300,-121,2015
"02198",415,412,3,2015
"02220",887,1116,-229,2015
"02230",117,119,-2,2015
"02240",612,1249,-637,2015
"02261",1015,2757,-1742,2015
"02275",164,312,-148,2015
"02282",62,23,39,2015
"02290",297,309,-12,2015
"04001",2676,4599,-1923,2015
"04003",13807,10621,3186,2015
"04005",14643,10808,3835,2015
"04007",3327,4733,-1406,2015
"04009",3029,2933,96,2015
"04011",810,638,172,2015
"04012",905,1515,-610,2015
"04013",198872,159248,39624,2015
"04015",19314,14308,5006,2015
"04017",7005,5785,1220,2015
"04019",58290,47518,10772,2015
"04021",44573,30564,14009,2015
"04023",2123,2975,-852,2015
"04025",17109,11432,5677,2015
"04027",14283,9197,5086,2015
"05001",1152,1126,26,2015
"05003",566,990,-424,2015
"05005",2178,2319,-141,2015
"05007",15541,13685,1856,2015
"05009",2568,2586,-18,2015
"05011",277,755,-478,2015
"05013",365,252,113,2015
"05015",1850,1837,13,2015
"05017",694,532,162,2015
"05019",2459,1232,1227,2015
"05021",788,1373,-585,2015
"05023",1724,1577,147,2015
"05025",267,531,-264,2015
"05027",1694,1193,501,2015
"05029",1146,1492,-346,2015
"05031",7854,6519,1335,2015
"05033",3932,4084,-152,2015
"05035",2562,2503,59,2015
"05037",548,1058,-510,2015
"05039",958,660,298,2015
"05041",413,965,-552,2015
"05043",1369,930,439,2015
"05045",8623,7736,887,2015
"05047",1417,1269,148,2015
"05049",1140,817,323,2015
"05051",6488,5782,706,2015
"05053",1085,1401,-316,2015
"05055",2377,1887,490,2015
"05057",978,1241,-263,2015
"05059",2143,2321,-178,2015
"05061",675,780,-105,2015
"05063",2132,2402,-270,2015
"05065",947,716,231,2015
"05067",2371,1277,1094,2015
"05069",2998,4182,-1184,2015
"05071",1325,1091,234,2015
"05073",389,519,-130,2015
"05075",934,934,0,2015
"05077",552,837,-285,2015
"05079",1018,449,569,2015
"05081",809,723,86,2015
"05083",1075,1102,-27,2015
"05085",5308,5185,123,2015
"05087",665,848,-183,2015
"05089",1505,981,524,2015
"05091",4236,2813,1423,2015
"05093",2932,2324,608,2015
"05095",421,839,-418,2015
"05097",704,524,180,2015
"05099",333,570,-237,2015
"05101",465,525,-60,2015
"05103",845,1532,-687,2015
"05105",620,545,75,2015
"05107",636,832,-196,2015
"05109",833,608,225,2015
"05111",1423,1677,-254,2015
"05113",771,1105,-334,2015
"05115",4672,4365,307,2015
"05117",363,504,-141,2015
"05119",21081,21845,-764,2015
"05121",1307,1398,-91,2015
"05123",1759,1495,264,2015
"05125",5503,5964,-461,2015
"05127",391,723,-332,2015
"05129",309,583,-274,2015
"05131",7758,7346,412,2015
"05133",583,859,-276,2015
"05135",1231,1443,-212,2015
"05137",1211,458,753,2015
"05139",1821,1570,251,2015
"05141",742,852,-110,2015
"05143",18809,12329,6480,2015
"05145",5405,4353,1052,2015
"05147",236,261,-25,2015
"05149",1435,1559,-124,2015
"06001",101931,84777,17154,2015
"06003",186,263,-77,2015
"06005",3350,2763,587,2015
"06007",13454,12358,1096,2015
"06009",2226,2519,-293,2015
"06011",728,1302,-574,2015
"06013",61368,45981,15387,2015
"06015",2854,2752,102,2015
"06017",9962,11243,-1281,2015
"06019",35722,31511,4211,2015
"06021",1369,1625,-256,2015
"06023",9828,6883,2945,2015
"06025",7617,8320,-703,2015
"06027",986,1240,-254,2015
"06029",42653,36220,6433,2015
"06031",14816,11388,3428,2015
"06033",5205,3686,1519,2015
"06035",6210,4171,2039,2015
"06037",289585,307170,-17585,2015
"06039",8354,8672,-318,2015
"06041",19016,15683,3333,2015
"06043",1144,1250,-106,2015
"06045",5298,3762,1536,2015
"06047",14195,11793,2402,2015
"06049",753,789,-36,2015
"06051",1014,669,345,2015
"06053",24981,24108,873,2015
"06055",7244,6873,371,2015
"06057",5322,5398,-76,2015
"06059",135128,122239,12889,2015
"06061",22016,22764,-748,2015
"06063",1143,1271,-128,2015
"06065",126344,97550,28794,2015
"06067",76293,66538,9755,2015
"06069",2988,3441,-453,2015
"06071",121340,101902,19438,2015
"06073",153182,151968,1214,2015
"06075",66898,63053,3845,2015
"06077",36359,27723,8636,2015
"06079",23104,15650,7454,2015
"06081",46712,40432,6280,2015
"06083",31227,20300,10927,2015
"06085",105580,85896,19684,2015
"06087",17666,14419,3247,2015
"06089",11790,9899,1891,2015
"06091",163,521,-358,2015
"06093",2586,3424,-838,2015
"06095",27653,23910,3743,2015
"06097",22537,19307,3230,2015
"06099",22107,19443,2664,2015
"06101",5656,7476,-1820,2015
"06103",4408,4189,219,2015
"06105",877,772,105,2015
"06107",16236,15041,1195,2015
"06109",4231,2548,1683,2015
"06111",36399,34048,2351,2015
"06113",23433,14507,8926,2015
"06115",7604,5510,2094,2015
"08001",40444,36375,4069,2015
"08003",2035,1564,471,2015
"08005",65585,54708,10877,2015
"08007",1062,889,173,2015
"08009",228,353,-125,2015
"08011",588,533,55,2015
"08013",34770,24397,10373,2015
"08014",9701,5687,4014,2015
"08015",1547,1664,-117,2015
"08017",256,107,149,2015
"08019",785,590,195,2015
"08021",420,728,-308,2015
"08023",200,176,24,2015
"08025",642,469,173,2015
"08027",192,513,-321,2015
"08029",1835,2712,-877,2015
"08031",77689,70793,6896,2015
"08033",206,179,27,2015
"08035",27736,24564,3172,2015
"08037",3516,3868,-352,2015
"08039",2321,2440,-119,2015
"08041",65310,49972,15338,2015
"08043",3273,3597,-324,2015
"08045",4514,3508,1006,2015
"08047",641,625,16,2015
"08049",1523,1526,-3,2015
"08051",1873,1393,480,2015
"08053",70,24,46,2015
"08055",506,608,-102,2015
"08057",72,169,-97,2015
"08059",45510,43097,2413,2015
"08061",54,52,2,2015
"08063",452,583,-131,2015
"08065",904,811,93,2015
"08067",5129,4234,895,2015
"08069",29702,22430,7272,2015
"08071",789,1089,-300,2015
"08073",534,738,-204,2015
"08075",2411,1821,590,2015
"08077",10710,8263,2447,2015
"08079",30,37,-7,2015
"08081",742,701,41,2015
"08083",2356,1180,1176,2015
"08085",3650,2433,1217,2015
"08087",2104,1521,583,2015
"08089",1162,1188,-26,2015
"08091",471,354,117,2015
"08093",1831,1665,166,2015
"08095",551,348,203,2015
"08097",1758,1459,299,2015
"08099",929,1115,-186,2015
"08101",8573,7983,590,2015
"08103",702,500,202,2015
"08105",1187,1040,147,2015
"08107",2242,1874,368,2015
"08109",298,648,-350,2015
"08111",40,239,-199,2015
"08113",941,791,150,2015
"08115",303,422,-119,2015
"08117",2976,2814,162,2015
"08119",2316,2641,-325,2015
"08121",563,277,286,2015
"08123",25269,18452,6817,2015
"08125",852,379,473,2015
"09001",42799,39234,3565,2015
"09003",38156,37085,1071,2015
"09005",6974,9863,-2889,2015
"09007",9289,9537,-248,2015
"09009",35027,37030,-2003,2015
"09011",17346,15048,2298,2015
"09013",15696,8778,6918,2015
"09015",6909,5699,1210,2015
"10001",11094,8115,2979,2015
"10003",29475,20620,8855,2015
"10005",10093,7537,2556,2015
"11001",62086,58418,3668,2015
"12001",27879,22580,5299,2015
"12003",2029,1556,473,2015
"12005",13534,13699,-165,2015
"12007",2583,1194,1389,2015
"12009",33580,27300,6280,2015
"12011",107400,78738,28662,2015
"12013",963,1374,-411,2015
"12015",15062,10930,4132,2015
"12017",8081,8801,-720,2015
"12019",18928,13864,5064,2015
"12021",24897,17814,7083,2015
"12023",7460,5547,1913,2015
"12027",3407,1915,1492,2015
"12029",1821,1236,585,2015
"12031",54312,52777,1535,2015
"12033",27343,23652,3691,2015
"12035",6767,5581,1186,2015
"12037",1448,910,538,2015
"12039",3503,3366,137,2015
"12041",1823,1400,423,2015
"12043",1202,745,457,2015
"12045",1674,1064,610,2015
"12047",2010,1982,28,2015
"12049",1459,2012,-553,2015
"12051",3808,2120,1688,2015
"12053",12923,9989,2934,2015
"12055",7122,6009,1113,2015
"12057",85548,69614,15934,2015
"12059",1641,1503,138,2015
"12061",10919,6891,4028,2015
"12063",4244,4603,-359,2015
"12065",1593,875,718,2015
"12067",1011,807,204,2015
"12069",22773,18653,4120,2015
"12071",48767,29322,19445,2015
"12073",29391,20902,8489,2015
"12075",3240,2328,912,2015
"12077",1071,885,186,2015
"12079",1585,968,617,2015
"12081",28599,15781,12818,2015
"12083",22650,17533,5117,2015
"12085",12940,7992,4948,2015
"12086",95177,92233,2944,2015
"12087",7712,6444,1268,2015
"12089",5456,4233,1223,2015
"12091",17410,19002,-1592,2015
"12093",1957,2312,-355,2015
"12095",102097,78150,23947,2015
"12097",22887,19638,3249,2015
"12099",80415,52325,28090,2015
"12101",28703,27700,1003,2015
"12103",54738,41554,13184,2015
"12105",35540,31816,3724,2015
"12107",4325,2836,1489,2015
"12109",20833,13722,7111,2015
"12111",22453,15528,6925,2015
"12113",17398,14148,3250,2015
"12115",29701,20487,9214,2015
"12117",34140,28467,5673,2015
"12119",10577,5327,5250,2015
"12121",3187,3102,85,2015
"12123",2390,1433,957,2015
"12125",2043,2017,26,2015
"12127",35855,25252,10603,2015
"12129",3545,2734,811,2015
"12131",5796,4071,1725,2015
"12133",2890,2166,724,2015
"13001",816,1668,-852,2015
"13003",298,859,-561,2015
"13005",717,514,203,2015
"13007",85,62,23,2015
"13009",4315,2916,1399,2015
"13011",910,1158,-248,2015
"13013",4238,4078,160,2015
"13015",6185,6815,-630,2015
"13017",779,1031,-252,2015
"13019",875,1239,-364,2015
"13021",10169,9549,620,2015
"13023",896,457,439,2015
"13025",1830,1243,587,2015
"13027",1010,1026,-16,2015
"13029",3733,2539,1194,2015
"13031",8184,5639,2545,2015
"13033",936,1571,-635,2015
"13035",2837,2875,-38,2015
"13037",1307,654,653,2015
"13039",4793,4224,569,2015
"13043",878,524,354,2015
"13045",9677,6936,2741,2015
"13047",4281,4481,-200,2015
"13049",1569,842,727,2015
"13051",25401,19248,6153,2015
"13053",5325,5194,131,2015
"13055",1025,1731,-706,2015
"13057",16249,14988,1261,2015
"13059",16920,10057,6863,2015
"13061",315,171,144,2015
"13063",27491,22180,5311,2015
"13065",553,182,371,2015
"13067",65193,51955,13238,2015
"13069",1764,2317,-553,2015
"13071",2473,1916,557,2015
"13073",10937,8525,2412,2015
"13075",1114,1209,-95,2015
"13077",10908,7957,2951,2015
"13079",661,480,181,2015
"13081",1051,938,113,2015
"13083",1053,683,370,2015
"13085",1444,1024,420,2015
"13087",1583,1624,-41,2015
"13089",67678,56529,11149,2015
"13091",994,826,168,2015
"13093",788,470,318,2015
"13095",6336,6950,-614,2015
"13097",10869,10428,441,2015
"13099",215,790,-575,2015
"13101",295,41,254,2015
"13103",3163,3600,-437,2015
"13105",628,697,-69,2015
"13107",1708,1365,343,2015
"13109",914,767,147,2015
"13111",1338,1213,125,2015
"13113",8275,10331,-2056,2015
"13115",5872,4524,1348,2015
"13117",13707,9812,3895,2015
"13119",1329,1839,-510,2015
"13121",88358,97567,-9209,2015
"13123",2249,1372,877,2015
"13125",73,273,-200,2015
"13127",6032,4551,1481,2015
"13129",3149,2623,526,2015
"13131",1588,792,796,2015
"13133",800,861,-61,2015
"13135",53707,50257,3450,2015
"13137",2446,1587,859,2015
"13139",11633,9925,1708,2015
"13141",877,1208,-331,2015
"13143",2621,2264,357,2015
"13145",2652,3491,-839,2015
"13147",1412,1039,373,2015
"13149",863,1130,-267,2015
"13151",15736,14379,1357,2015
"13153",9928,9927,1,2015
"13155",538,435,103,2015
"13157",2940,3836,-896,2015
"13159",1186,1032,154,2015
"13161",337,1052,-715,2015
"13163",928,1275,-347,2015
"13165",749,711,38,2015
"13167",681,1009,-328,2015
"13169",1671,1723,-52,2015
"13171",1932,1263,669,2015
"13173",1340,541,799,2015
"13175",1703,3545,-1842,2015
"13177",2941,2090,851,2015
"13179",11372,10985,387,2015
"13181",289,316,-27,2015
"13183",2484,1246,1238,2015
"13185",10372,8689,1683,2015
"13187",3726,1838,1888,2015
"13189",1144,1407,-263,2015
"13191",1065,678,387,2015
"13193",925,888,37,2015
"13195",1482,1057,425,2015
"13197",622,153,469,2015
"13199",1574,1696,-122,2015
"13201",245,368,-123,2015
"13205",1664,1346,318,2015
"13207",2686,1529,1157,2015
"13209",726,502,224,2015
"13211",752,1084,-332,2015
"13213",1623,2088,-465,2015
"13215",23496,17767,5729,2015
"13217",8145,8411,-266,2015
"13219",1991,2025,-34,2015
"13221",1497,519,978,2015
"13223",10615,10255,360,2015
"13225",2642,2670,-28,2015
"13227",1602,2389,-787,2015
"13229",1139,1174,-35,2015
"13231",1548,1390,158,2015
"13233",2128,2586,-458,2015
"13235",618,645,-27,2015
"13237",1461,1062,399,2015
"13239",251,246,5,2015
"13241",589,779,-190,2015
"13243",450,857,-407,2015
"13245",17438,15424,2014,2015
"13247",8387,7875,512,2015
"13249",359,149,210,2015
"13251",750,1180,-430,2015
"13253",275,495,-220,2015
"13255",4431,5145,-714,2015
"13257",1199,1084,115,2015
"13259",1510,320,1190,2015
"13261",2181,1642,539,2015
"13263",391,633,-242,2015
"13265",79,81,-2,2015
"13267",3248,1945,1303,2015
"13269",708,573,135,2015
"13271",186,783,-597,2015
"13273",847,662,185,2015
"13275",2015,2824,-809,2015
"13277",1948,2627,-679,2015
"13279",949,2074,-1125,2015
"13281",888,448,440,2015
"13283",383,656,-273,2015
"13285",5074,3813,1261,2015
"13287",378,473,-95,2015
"13289",347,1384,-1037,2015
"13291",736,1285,-549,2015
"13293",926,1681,-755,2015
"13295",5026,3980,1046,2015
"13297",5075,4575,500,2015
"13299",3351,2599,752,2015
"13301",183,360,-177,2015
"13303",1208,1293,-85,2015
"13305",2084,2058,26,2015
"13307",181,109,72,2015
"13309",169,834,-665,2015
"13311",958,1536,-578,2015
"13313",4831,4050,781,2015
"13315",936,702,234,2015
"13317",529,363,166,2015
"13319",384,432,-48,2015
"13321",1371,852,519,2015
"15001",8815,7707,1108,2015
"15003",60705,51357,9348,2015
"15007",3198,2959,239,2015
"15009",7444,6275,1169,2015
"16001",28475,24790,3685,2015
"16003",401,453,-52,2015
"16005",6277,5930,347,2015
"16007",362,456,-94,2015
"16009",459,638,-179,2015
"16011",2511,3620,-1109,2015
"16013",1243,1758,-515,2015
"16015",783,572,211,2015
"16017",2732,2875,-143,2015
"16019",7087,6129,958,2015
"16021",790,874,-84,2015
"16023",128,260,-132,2015
"16025",62,48,14,2015
"16027",15260,11631,3629,2015
"16029",287,400,-113,2015
"16031",1954,1869,85,2015
"16033",41,91,-50,2015
"16035",859,616,243,2015
"16037",217,343,-126,2015
"16039",3259,2153,1106,2015
"16041",906,589,317,2015
"16043",886,1108,-222,2015
"16045",1460,1595,-135,2015
"16047",947,679,268,2015
"16049",1354,1321,33,2015
"16051",1726,2305,-579,2015
"16053",1594,1273,321,2015
"16055",9900,8251,1649,2015
"16057",5921,4411,1510,2015
"16059",551,643,-92,2015
"16061",289,337,-48,2015
"16063",318,814,-496,2015
"16065",7950,6651,1299,2015
"16067",1704,1639,65,2015
"16069",2613,2935,-322,2015
"16071",302,109,193,2015
"16073",1398,821,577,2015
"16075",1968,2143,-175,2015
"16077",420,709,-289,2015
"16079",855,811,44,2015
"16081",1073,380,693,2015
"16083",6596,5220,1376,2015
"16085",1152,712,440,2015
"16087",567,629,-62,2015
"17001",1843,3538,-1695,2015
"17003",380,391,-11,2015
"17005",1430,1239,191,2015
"17007",2553,3582,-1029,2015
"17009",939,469,470,2015
"17011",1385,1815,-430,2015
"17013",145,234,-89,2015
"17015",524,981,-457,2015
"17017",834,933,-99,2015
"17019",24404,14538,9866,2015
"17021",1989,1874,115,2015
"17023",636,1101,-465,2015
"17025",399,678,-279,2015
"17027",2215,1780,435,2015
"17029",5821,3277,2544,2015
"17031",179101,205190,-26089,2015
"17033",1213,1033,180,2015
"17035",771,487,284,2015
"17037",10399,6240,4159,2015
"17039",779,1200,-421,2015
"17041",513,926,-413,2015
"17043",54696,54806,-110,2015
"17045",1073,814,259,2015
"17047",235,400,-165,2015
"17049",1206,1742,-536,2015
"17051",1679,1515,164,2015
"17053",795,845,-50,2015
"17055",1419,1976,-557,2015
"17057",2044,1964,80,2015
"17059",193,306,-113,2015
"17061",665,685,-20,2015
"17063",2008,3021,-1013,2015
"17065",330,505,-175,2015
"17067",739,1057,-318,2015
"17069",155,308,-153,2015
"17071",530,417,113,2015
"17073",2309,2730,-421,2015
"17075",1354,1447,-93,2015
"17077",7400,5743,1657,2015
"17079",357,218,139,2015
"17081",2327,2062,265,2015
"17083",1001,1437,-436,2015
"17085",917,1214,-297,2015
"17087",1255,1264,-9,2015
"17089",26516,28803,-2287,2015
"17091",5061,5431,-370,2015
"17093",8350,7399,951,2015
"17095",2586,2531,55,2015
"17097",39166,40240,-1074,2015
"17099",4961,5781,-820,2015
"17101",2041,960,1081,2015
"17103",2487,2270,217,2015
"17105",2581,2375,206,2015
"17107",4128,2067,2061,2015
"17109",3877,2029,1848,2015
"17111",13342,14816,-1474,2015
"17113",15002,10465,4537,2015
"17115",4928,4699,229,2015
"17117",2296,2779,-483,2015
"17119",12367,12666,-299,2015
"17121",1851,2493,-642,2015
"17123",629,527,102,2015
"17125",837,815,22,2015
"17127",647,935,-288,2015
"17129",613,661,-48,2015
"17131",546,609,-63,2015
"17133",1953,1959,-6,2015
"17135",3831,2297,1534,2015
"17137",3115,2188,927,2015
"17139",614,731,-117,2015
"17141",2470,3101,-631,2015
"17143",10769,11391,-622,2015
"17145",1402,1517,-115,2015
"17147",932,1005,-73,2015
"17149",860,778,82,2015
"17151",288,286,2,2015
"17153",165,278,-113,2015
"17155",335,379,-44,2015
"17157",1773,1978,-205,2015
"17159",813,757,56,2015
"17161",6935,6073,862,2015
"17163",12740,15403,-2663,2015
"17165",1166,1221,-55,2015
"17167",10196,9355,841,2015
"17169",248,344,-96,2015
"17171",321,528,-207,2015
"17173",975,1235,-260,2015
"17175",174,536,-362,2015
"17177",1988,2086,-98,2015
"17179",6339,7317,-978,2015
"17181",810,951,-141,2015
"17183",3052,3168,-116,2015
"17185",374,637,-263,2015
"17187",932,1040,-108,2015
"17189",626,758,-132,2015
"17191",666,957,-291,2015
"17193",711,788,-77,2015
"17195",1702,2437,-735,2015
"17197",28003,33164,-5161,2015
"17199",3583,3962,-379,2015
"17201",11194,13155,-1961,2015
"17203",2241,1746,495,2015
"18001",1130,1578,-448,2015
"18003",13870,15413,-1543,2015
"18005",5782,4663,1119,2015
"18007",1040,712,328,2015
"18009",559,968,-409,2015
"18011",4095,3697,398,2015
"18013",608,610,-2,2015
"18015",1407,1118,289,2015
"18017",1881,2517,-636,2015
"18019",5699,5312,387,2015
"18021",1197,1339,-142,2015
"18023",1248,2417,-1169,2015
"18025",551,354,197,2015
"18027",1054,1323,-269,2015
"18029",2516,2560,-44,2015
"18031",1331,1118,213,2015
"18033",2266,2417,-151,2015
"18035",11810,8216,3594,2015
"18037",1595,2207,-612,2015
"18039",7341,9940,-2599,2015
"18041",789,1748,-959,2015
"18043",4085,5034,-949,2015
"18045",930,1232,-302,2015
"18047",1567,1209,358,2015
"18049",1417,687,730,2015
"18051",1265,1354,-89,2015
"18053",3716,2799,917,2015
"18055",1651,1684,-33,2015
"18057",21911,18975,2936,2015
"18059",3880,4093,-213,2015
"18061",1829,1806,23,2015
"18063",10870,10119,751,2015
"18065",2979,2965,14,2015
"18067",4094,3876,218,2015
"18069",1909,1717,192,2015
"18071",1805,1551,254,2015
"18073",2052,1792,260,2015
"18075",635,1426,-791,2015
"18077",2527,2187,340,2015
"18079",1784,1547,237,2015
"18081",11894,9425,2469,2015
"18083",3015,1531,1484,2015
"18085",4180,4408,-228,2015
"18087",1752,1874,-122,2015
"18089",21614,23061,-1447,2015
"18091",8498,4875,3623,2015
"18093",1661,2486,-825,2015
"18095",6732,7088,-356,2015
"18097",46742,54295,-7553,2015
"18099",1996,2728,-732,2015
"18101",569,468,101,2015
"18103",3172,2396,776,2015
"18105",21019,11830,9189,2015
"18107",2426,2105,321,2015
"18109",5250,5040,210,2015
"18111",963,891,72,2015
"18113",2805,2835,-30,2015
"18115",396,537,-141,2015
"18117",765,828,-63,2015
"18119",1690,1678,12,2015
"18121",1403,790,613,2015
"18123",1463,941,522,2015
"18125",393,1123,-730,2015
"18127",9370,8449,921,2015
"18129",1131,1326,-195,2015
"18131",789,729,60,2015
"18133",3530,3628,-98,2015
"18135",833,1776,-943,2015
"18137",1162,1522,-360,2015
"18139",828,610,218,2015
"18141",15619,14647,972,2015
"18143",1065,1393,-328,2015
"18145",2798,2801,-3,2015
"18147",998,1105,-107,2015
"18149",1204,962,242,2015
"18151",2429,1863,566,2015
"18153",1254,1379,-125,2015
"18155",690,637,53,2015
"18157",20435,11579,8856,2015
"18159",797,672,125,2015
"18161",425,715,-290,2015
"18163",9921,9821,100,2015
"18165",640,918,-278,2015
"18167",8879,6549,2330,2015
"18169",1908,1641,267,2015
"18171",446,731,-285,2015
"18173",3619,3884,-265,2015
"18175",1144,1568,-424,2015
"18177",4146,3232,914,2015
"18179",1013,1723,-710,2015
"18181",1139,2328,-1189,2015
"18183",1732,2190,-458,2015
"19001",583,848,-265,2015
"19003",131,454,-323,2015
"19005",760,578,182,2015
"19007",793,769,24,2015
"19009",322,459,-137,2015
"19011",1214,1906,-692,2015
"19013",8695,7793,902,2015
"19015",2427,1636,791,2015
"19017",1806,1754,52,2015
"19019",1119,1030,89,2015
"19021",1546,845,701,2015
"19023",443,1014,-571,2015
"19025",945,1016,-71,2015
"19027",857,1516,-659,2015
"19029",583,928,-345,2015
"19031",833,976,-143,2015
"19033",2014,2171,-157,2015
"19035",526,625,-99,2015
"19037",330,872,-542,2015
"19039",491,484,7,2015
"19041",1432,1581,-149,2015
"19043",771,1036,-265,2015
"19045",2231,1985,246,2015
"19047",741,981,-240,2015
"19049",6818,6841,-23,2015
"19051",572,513,59,2015
"19053",825,747,78,2015
"19055",897,1202,-305,2015
"19057",1924,2219,-295,2015
"19059",705,1102,-397,2015
"19061",5867,4997,870,2015
"19063",981,740,241,2015
"19065",1401,838,563,2015
"19067",808,532,276,2015
"19069",359,478,-119,2015
"19071",289,613,-324,2015
"19073",597,589,8,2015
"19075",620,1172,-552,2015
"19077",636,790,-154,2015
"19079",726,1074,-348,2015
"19081",469,520,-51,2015
"19083",941,1088,-147,2015
"19085",694,1151,-457,2015
"19087",1198,1080,118,2015
"19089",454,442,12,2015
"19091",869,586,283,2015
"19093",307,414,-107,2015
"19095",1110,786,324,2015
"19097",830,762,68,2015
"19099",2398,2964,-566,2015
"19101",1027,1584,-557,2015
"19103",15716,11783,3933,2015
"19105",974,1478,-504,2015
"19107",569,403,166,2015
"19109",713,911,-198,2015
"19111",1212,2476,-1264,2015
"19113",12648,10353,2295,2015
"19115",487,437,50,2015
"19117",542,475,67,2015
"19119",484,630,-146,2015
"19121",1020,969,51,2015
"19123",1367,1286,81,2015
"19125",2288,1974,314,2015
"19127",2213,1801,412,2015
"19129",878,1012,-134,2015
"19131",302,580,-278,2015
"19133",519,672,-153,2015
"19135",515,677,-162,2015
"19137",698,853,-155,2015
"19139",1613,2735,-1122,2015
"19141",1086,942,144,2015
"19143",316,529,-213,2015
"19145",1298,1277,21,2015
"19147",797,970,-173,2015
"19149",1099,1704,-605,2015
"19151",452,522,-70,2015
"19153",29457,23315,6142,2015
"19155",5828,5646,182,2015
"19157",1714,1628,86,2015
"19159",220,134,86,2015
"19161",462,578,-116,2015
"19163",8916,9303,-387,2015
"19165",545,626,-81,2015
"19167",2128,2045,83,2015
"19169",14772,8730,6042,2015
"19171",752,888,-136,2015
"19173",436,441,-5,2015
"19175",744,954,-210,2015
"19177",347,534,-187,2015
"19179",1743,2778,-1035,2015
"19181",4146,2746,1400,2015
"19183",1354,1035,319,2015
"19185",272,261,11,2015
"19187",3785,2879,906,2015
"19189",738,961,-223,2015
"19191",1415,1129,286,2015
"19193",5959,6184,-225,2015
"19195",417,286,131,2015
"19197",799,583,216,2015
"20001",632,1481,-849,2015
"20003",599,336,263,2015
"20005",1205,1251,-46,2015
"20007",238,352,-114,2015
"20009",1845,1228,617,2015
"20011",610,1018,-408,2015
"20013",668,608,60,2015
"20015",4951,4942,9,2015
"20017",225,84,141,2015
"20019",341,417,-76,2015
"20021",884,818,66,2015
"20023",188,105,83,2015
"20025",266,174,92,2015
"20027",746,479,267,2015
"20029",640,361,279,2015
"20031",694,285,409,2015
"20033",93,118,-25,2015
"20035",3368,2580,788,2015
"20037",3628,2953,675,2015
"20039",228,284,-56,2015
"20041",1679,1430,249,2015
"20043",695,593,102,2015
"20045",13328,10838,2490,2015
"20047",167,136,31,2015
"20049",150,327,-177,2015
"20051",2999,2066,933,2015
"20053",683,574,109,2015
"20055",1951,2252,-301,2015
"20057",1883,2173,-290,2015
"20059",1816,1829,-13,2015
"20061",7020,6098,922,2015
"20063",156,220,-64,2015
"20065",130,118,12,2015
"20067",435,929,-494,2015
"20069",470,338,132,2015
"20071",45,131,-86,2015
"20073",250,411,-161,2015
"20075",189,271,-82,2015
"20077",339,298,41,2015
"20079",2442,2888,-446,2015
"20081",303,406,-103,2015
"20083",138,71,67,2015
"20085",870,436,434,2015
"20087",1093,1342,-249,2015
"20089",148,659,-511,2015
"20091",36294,31949,4345,2015
"20093",350,245,105,2015
"20095",515,321,194,2015
"20097",176,214,-38,2015
"20099",1391,973,418,2015
"20101",80,145,-65,2015
"20103",9972,8455,1517,2015
"20105",261,223,38,2015
"20107",457,556,-99,2015
"20109",165,144,21,2015
"20111",3433,2486,947,2015
"20113",1800,2512,-712,2015
"20115",905,517,388,2015
"20117",515,621,-106,2015
"20119",267,286,-19,2015
"20121",1878,1823,55,2015
"20123",445,562,-117,2015
"20125",2253,2156,97,2015
"20127",471,540,-69,2015
"20129",167,208,-41,2015
"20131",569,418,151,2015
"20133",1451,928,523,2015
"20135",67,139,-72,2015
"20137",649,576,73,2015
"20139",945,1008,-63,2015
"20141",289,139,150,2015
"20143",317,599,-282,2015
"20145",833,893,-60,2015
"20147",245,254,-9,2015
"20149",1844,1650,194,2015
"20151",787,588,199,2015
"20153",93,168,-75,2015
"20155",4377,3892,485,2015
"20157",253,80,173,2015
"20159",948,474,474,2015
"20161",12401,11960,441,2015
"20163",277,121,156,2015
"20165",174,174,0,2015
"20167",604,606,-2,2015
"20169",3625,3438,187,2015
"20171",380,272,108,2015
"20173",20390,23401,-3011,2015
"20175",1551,1171,380,2015
"20177",8707,7825,882,2015
"20179",133,148,-15,2015
"20181",658,462,196,2015
"20183",109,216,-107,2015
"20185",186,252,-66,2015
"20187",102,192,-90,2015
"20189",487,233,254,2015
"20191",1514,1595,-81,2015
"20193",689,665,24,2015
"20195",239,153,86,2015
"20197",533,215,318,2015
"20199",78,118,-40,2015
"20201",330,217,113,2015
"20203",77,204,-127,2015
"20205",449,995,-546,2015
"20207",195,257,-62,2015
"20209",11332,12012,-680,2015
"21001",1386,1506,-120,2015
"21003",1405,1023,382,2015
"21005",1093,1626,-533,2015
"21007",363,437,-74,2015
"21009",2233,2008,225,2015
"21011",854,1041,-187,2015
"21013",1038,1526,-488,2015
"21015",10408,7857,2551,2015
"21017",1193,1649,-456,2015
"21019",3253,3563,-310,2015
"21021",2884,2248,636,2015
"21023",231,601,-370,2015
"21025",592,328,264,2015
"21027",987,1180,-193,2015
"21029",4564,4974,-410,2015
"21031",629,1196,-567,2015
"21033",905,466,439,2015
"21035",3417,1556,1861,2015
"21037",6699,5652,1047,2015
"21039",123,111,12,2015
"21041",1231,987,244,2015
"21043",1562,1440,122,2015
"21045",1093,673,420,2015
"21047",11425,10654,771,2015
"21049",2587,2694,-107,2015
"21051",703,987,-284,2015
"21053",299,152,147,2015
"21055",372,514,-142,2015
"21057",299,120,179,2015
"21059",4032,5022,-990,2015
"21061",884,532,352,2015
"21063",753,624,129,2015
"21065",594,577,17,2015
"21067",30113,21129,8984,2015
"21069",550,922,-372,2015
"21071",1781,1966,-185,2015
"21073",4555,2722,1833,2015
"21075",529,792,-263,2015
"21077",734,1018,-284,2015
"21079",956,822,134,2015
"21081",1599,2224,-625,2015
"21083",1382,1285,97,2015
"21085",1298,988,310,2015
"21087",509,569,-60,2015
"21089",2025,2186,-161,2015
"21091",727,664,63,2015
"21093",12652,11331,1321,2015
"21095",728,976,-248,2015
"21097",1054,622,432,2015
"21099",746,771,-25,2015
"21101",2862,2388,474,2015
"21103",886,819,67,2015
"21105",531,259,272,2015
"21107",1953,2070,-117,2015
"21109",277,1318,-1041,2015
"21111",33689,34347,-658,2015
"21113",4405,3932,473,2015
"21115",827,1128,-301,2015
"21117",11539,10423,1116,2015
"21119",962,443,519,2015
"21121",2258,2129,129,2015
"21123",829,824,5,2015
"21125",3729,3490,239,2015
"21127",804,798,6,2015
"21129",481,852,-371,2015
"21131",414,503,-89,2015
"21133",457,962,-505,2015
"21135",834,680,154,2015
"21137",1548,1764,-216,2015
"21139",194,542,-348,2015
"21141",1394,2079,-685,2015
"21143",937,873,64,2015
"21145",3097,3465,-368,2015
"21147",1272,965,307,2015
"21149",395,502,-107,2015
"21151",8102,5671,2431,2015
"21153",199,844,-645,2015
"21155",1020,1171,-151,2015
"21157",1144,1469,-325,2015
"21159",812,914,-102,2015
"21161",1125,1236,-111,2015
"21163",3085,2321,764,2015
"21165",476,418,58,2015
"21167",1622,984,638,2015
"21169",516,689,-173,2015
"21171",619,563,56,2015
"21173",2081,2208,-127,2015
"21175",1027,961,66,2015
"21177",1328,1293,35,2015
"21179",2570,2893,-323,2015
"21181",340,451,-111,2015
"21183",1746,1217,529,2015
"21185",5612,5302,310,2015
"21187",552,970,-418,2015
"21189",157,238,-81,2015
"21191",631,877,-246,2015
"21193",1163,1458,-295,2015
"21195",2736,2319,417,2015
"21197",511,1380,-869,2015
"21199",2670,3746,-1076,2015
"21201",107,97,10,2015
"21203",645,1116,-471,2015
"21205",2971,1591,1380,2015
"21207",482,973,-491,2015
"21209",3446,3494,-48,2015
"21211",2897,2525,372,2015
"21213",1093,1063,30,2015
"21215",1249,809,440,2015
"21217",1693,1712,-19,2015
"21219",857,767,90,2015
"21221",616,803,-187,2015
"21223",648,1040,-392,2015
"21225",1755,1154,601,2015
"21227",12605,5348,7257,2015
"21229",839,1109,-270,2015
"21231",1032,778,254,2015
"21233",602,786,-184,2015
"21235",2572,2395,177,2015
"21237",321,352,-31,2015
"21239",1519,1766,-247,2015
"22001",3194,3685,-491,2015
"22003",1625,2024,-399,2015
"22005",4950,5406,-456,2015
"22007",582,857,-275,2015
"22009",1637,1453,184,2015
"22011",2808,1969,839,2015
"22013",722,983,-261,2015
"22015",10898,8890,2008,2015
"22017",11498,14364,-2866,2015
"22019",10181,9342,839,2015
"22021",617,441,176,2015
"22023",225,771,-546,2015
"22025",1001,727,274,2015
"22027",997,808,189,2015
"22029",1392,1139,253,2015
"22031",1085,1184,-99,2015
"22033",25784,21025,4759,2015
"22035",671,629,42,2015
"22037",1399,1420,-21,2015
"22039",1806,1192,614,2015
"22041",1292,731,561,2015
"22043",1520,1656,-136,2015
"22045",2982,3043,-61,2015
"22047",2838,1853,985,2015
"22049",1520,1001,519,2015
"22051",20771,22175,-1404,2015
"22053",2484,1698,786,2015
"22055",16861,11287,5574,2015
"22057",5000,5103,-103,2015
"22059",1072,780,292,2015
"22061",3902,2222,1680,2015
"22063",7960,5937,2023,2015
"22065",842,684,158,2015
"22067",641,934,-293,2015
"22069",2477,1820,657,2015
"22071",26070,25792,278,2015
"22073",7264,7546,-282,2015
"22075",1139,2502,-1363,2015
"22077",555,670,-115,2015
"22079",5551,5563,-12,2015
"22081",344,282,62,2015
"22083",1078,1303,-225,2015
"22085",714,904,-190,2015
"22087",2809,1649,1160,2015
"22089",3160,2320,840,2015
"22091",493,350,143,2015
"22093",666,781,-115,2015
"22095",1666,2905,-1239,2015
"22097",3128,4497,-1369,2015
"22099",1992,2920,-928,2015
"22101",1937,2554,-617,2015
"22103",15027,12005,3022,2015
"22105",8689,5206,3483,2015
"22107",115,304,-189,2015
"22109",5598,5558,40,2015
"22111",572,550,22,2015
"22113",3157,2241,916,2015
"22115",6542,8223,-1681,2015
"22117",2223,2907,-684,2015
"22119",1801,1946,-145,2015
"22121",2193,1642,551,2015
"22123",556,542,14,2015
"22125",837,1274,-437,2015
"22127",820,1156,-336,2015
"23001",5459,6331,-872,2015
"23003",2502,2195,307,2015
"23005",18880,17353,1527,2015
"23007",1680,1907,-227,2015
"23009",3079,2613,466,2015
"23011",6728,6843,-115,2015
"23013",1879,2367,-488,2015
"23015",1621,2042,-421,2015
"23017",3001,3601,-600,2015
"23019",10161,6678,3483,2015
"23021",701,980,-279,2015
"23023",2688,2293,395,2015
"23025",2660,3343,-683,2015
"23027",2502,2644,-142,2015
"23029",1577,1743,-166,2015
"23031",11663,9768,1895,2015
"24001",3950,3662,288,2015
"24003",35161,33697,1464,2015
"24005",44955,39961,4994,2015
"24009",5321,5789,-468,2015
"24011",2269,1730,539,2015
"24013",6549,6947,-398,2015
"24015",4662,5364,-702,2015
"24017",8210,9351,-1141,2015
"24019",1512,2121,-609,2015
"24021",13095,13848,-753,2015
"24023",1387,946,441,2015
"24025",12064,12365,-301,2015
"24027",20374,21031,-657,2015
"24029",1556,1594,-38,2015
"24031",65589,54219,11370,2015
"24033",56032,48076,7956,2015
"24035",3157,2600,557,2015
"24037",7362,5058,2304,2015
"24039",3669,1604,2065,2015
"24041",2715,2046,669,2015
"24043",9014,8580,434,2015
"24045",8181,5885,2296,2015
"24047",3277,3837,-560,2015
"24510",39446,38157,1289,2015
"25001",9001,9828,-827,2015
"25003",5517,5233,284,2015
"25005",21151,21235,-84,2015
"25007",926,677,249,2015
"25009",31982,27907,4075,2015
"25011",4256,3836,420,2015
"25013",17574,15558,2016,2015
"25015",16647,11147,5500,2015
"25017",99443,85122,14321,2015
"25019",622,800,-178,2015
"25021",45948,42521,3427,2015
"25023",22816,21904,912,2015
"25025",73575,62321,11254,2015
"25027",31958,30165,1793,2015
"26001",728,1088,-360,2015
"26003",1026,886,140,2015
"26005",6109,6094,15,2015
"26007",1304,1312,-8,2015
"26009",1221,1488,-267,2015
"26011",833,1320,-487,2015
"26013",611,461,150,2015
"26015",2841,3439,-598,2015
"26017",4323,5087,-764,2015
"26019",1081,1243,-162,2015
"26021",7576,8007,-431,2015
"26023",1911,2686,-775,2015
"26025",7803,8141,-338,2015
"26027",2747,2554,193,2015
"26029",1710,1865,-155,2015
"26031",1646,1495,151,2015
"26033",3145,2715,430,2015
"26035",1884,2244,-360,2015
"26037",5747,5990,-243,2015
"26039",912,852,60,2015
"26041",1707,1751,-44,2015
"26043",1210,953,257,2015
"26045",9640,8874,766,2015
"26047",1894,2330,-436,2015
"26049",15768,20167,-4399,2015
"26051",1129,1498,-369,2015
"26053",955,1022,-67,2015
"26055",6241,4902,1339,2015
"26057",3200,3149,51,2015
"26059",2559,2716,-157,2015
"26061",3198,2465,733,2015
"26063",1281,1819,-538,2015
"26065",33267,23491,9776,2015
"26067",4598,4418,180,2015
"26069",1917,2336,-419,2015
"26071",367,506,-139,2015
"26073",9238,5257,3981,2015
"26075",9495,8430,1065,2015
"26077",20627,14545,6082,2015
"26079",1256,938,318,2015
"26081",33954,29083,4871,2015
"26083",99,109,-10,2015
"26085",792,851,-59,2015
"26087",4688,4784,-96,2015
"26089",1411,1510,-99,2015
"26091",5707,4999,708,2015
"26093",8900,11850,-2950,2015
"26095",442,460,-18,2015
"26097",586,785,-199,2015
"26099",41072,37383,3689,2015
"26101",1706,1601,105,2015
"26103",4972,3522,1450,2015
"26105",1956,1239,717,2015
"26107",3902,3097,805,2015
"26109",1269,704,565,2015
"26111",5905,4733,1172,2015
"26113",1031,945,86,2015
"26115",7326,7138,188,2015
"26117",3392,4200,-808,2015
"26119",756,519,237,2015
"26121",8869,8834,35,2015
"26123",2667,3566,-899,2015
"26125",71132,67710,3422,2015
"26127",1890,1590,300,2015
"26129",1244,1270,-26,2015
"26131",147,429,-282,2015
"26133",1291,1326,-35,2015
"26135",616,501,115,2015
"26137",1840,1983,-143,2015
"26139",19615,15233,4382,2015
"26141",790,943,-153,2015
"26143",1541,1546,-5,2015
"26145",9377,9980,-603,2015
"26147",7707,6751,956,2015
"26149",2688,2996,-308,2015
"26151",1939,2124,-185,2015
"26153",361,398,-37,2015
"26155",3635,4233,-598,2015
"26157",2755,2856,-101,2015
"26159",3482,4830,-1348,2015
"26161",39817,29215,10602,2015
"26163",57049,82961,-25912,2015
"26165",1623,1984,-361,2015
"27001",813,797,16,2015
"27003",20122,21256,-1134,2015
"27005",1719,1878,-159,2015
"27007",3263,2903,360,2015
"27009",4119,4088,31,2015
"27011",196,392,-196,2015
"27013",6977,5686,1291,2015
"27015",1201,1411,-210,2015
"27017",1737,1924,-187,2015
"27019",7861,7280,581,2015
"27021",1444,2166,-722,2015
"27023",760,846,-86,2015
"27025",4831,3812,1019,2015
"27027",5185,5351,-166,2015
"27029",494,288,206,2015
"27031",369,208,161,2015
"27033",1075,593,482,2015
"27035",3580,3733,-153,2015
"27037",25632,28076,-2444,2015
"27039",1234,1362,-128,2015
"27041",2291,2249,42,2015
"27043",647,726,-79,2015
"27045",909,1598,-689,2015
"27047",1106,1585,-479,2015
"27049",2827,2992,-165,2015
"27051",296,404,-108,2015
"27053",82253,73250,9003,2015
"27055",880,1278,-398,2015
"27057",1156,1677,-521,2015
"27059",2679,2340,339,2015
"27061",2668,2076,592,2015
"27063",601,844,-243,2015
"27065",1275,1182,93,2015
"27067",2188,2402,-214,2015
"27069",149,362,-213,2015
"27071",524,657,-133,2015
"27073",316,300,16,2015
"27075",540,700,-160,2015
"27077",261,178,83,2015
"27079",1659,2158,-499,2015
"27081",311,382,-71,2015
"27083",1717,2024,-307,2015
"27085",1560,2191,-631,2015
"27087",258,227,31,2015
"27089",385,582,-197,2015
"27091",934,1390,-456,2015
"27093",1415,1173,242,2015
"27095",1809,1833,-24,2015
"27097",1543,2032,-489,2015
"27099",2107,2487,-380,2015
"27101",403,520,-117,2015
"27103",3591,2455,1136,2015
"27105",1131,1574,-443,2015
"27107",249,363,-114,2015
"27109",9436,8336,1100,2015
"27111",2629,2830,-201,2015
"27113",1043,964,79,2015
"27115",1982,2144,-162,2015
"27117",588,507,81,2015
"27119",2341,2230,111,2015
"27121",697,591,106,2015
"27123",47162,40993,6169,2015
"27125",181,199,-18,2015
"27127",727,833,-106,2015
"27129",819,833,-14,2015
"27131",6290,4808,1482,2015
"27133",684,490,194,2015
"27135",720,791,-71,2015
"27137",11586,9664,1922,2015
"27139",9879,9942,-63,2015
"27141",7764,7775,-11,2015
"27143",767,1103,-336,2015
"27145",16737,11255,5482,2015
"27147",1935,2726,-791,2015
"27149",1051,662,389,2015
"27151",539,496,43,2015
"27153",1244,1401,-157,2015
"27155",185,294,-109,2015
"27157",1166,1284,-118,2015
"27159",911,1083,-172,2015
"27161",1264,1268,-4,2015
"27163",17255,19192,-1937,2015
"27165",468,684,-216,2015
"27167",459,457,2,2015
"27169",4112,3215,897,2015
"27171",7952,7697,255,2015
"27173",547,808,-261,2015
"28001",983,1871,-888,2015
"28003",2201,1562,639,2015
"28005",381,497,-116,2015
"28007",1388,870,518,2015
"28009",566,476,90,2015
"28011",1835,2369,-534,2015
"28013",904,649,255,2015
"28015",303,701,-398,2015
"28017",1012,1287,-275,2015
"28019",674,851,-177,2015
"28021",319,400,-81,2015
"28023",473,954,-481,2015
"28025",594,978,-384,2015
"28027",1048,1174,-126,2015
"28029",1308,1467,-159,2015
"28031",1047,818,229,2015
"28033",11674,10208,1466,2015
"28035",8321,8931,-610,2015
"28037",163,242,-79,2015
"28039",1475,830,645,2015
"28041",1996,1143,853,2015
"28043",1008,1280,-272,2015
"28045",3439,2825,614,2015
"28047",19192,15264,3928,2015
"28049",11446,13853,-2407,2015
"28051",717,1076,-359,2015
"28053",162,577,-415,2015
"28055",222,39,183,2015
"28057",2133,1034,1099,2015
"28059",7172,7979,-807,2015
"28061",419,979,-560,2015
"28063",224,345,-121,2015
"28065",439,593,-154,2015
"28067",2592,2828,-236,2015
"28069",795,602,193,2015
"28071",7525,4657,2868,2015
"28073",8402,5029,3373,2015
"28075",5555,3603,1952,2015
"28077",382,476,-94,2015
"28079",966,1698,-732,2015
"28081",4876,6625,-1749,2015
"28083",1428,1486,-58,2015
"28085",852,1814,-962,2015
"28087",3603,3605,-2,2015
"28089",7263,6369,894,2015
"28091",1442,1207,235,2015
"28093",1712,2393,-681,2015
"28095",1175,1441,-266,2015
"28097",326,389,-63,2015
"28099",1531,1192,339,2015
"28101",1231,1458,-227,2015
"28103",301,533,-232,2015
"28105",6908,4354,2554,2015
"28107",980,1823,-843,2015
"28109",3434,2626,808,2015
"28111",663,1025,-362,2015
"28113",1976,1590,386,2015
"28115",1751,1546,205,2015
"28117",1717,806,911,2015
"28119",435,601,-166,2015
"28121",11267,9725,1542,2015
"28123",1359,1727,-368,2015
"28125",184,590,-406,2015
"28127",1238,1549,-311,2015
"28129",461,380,81,2015
"28131",1058,1088,-30,2015
"28133",2113,2125,-12,2015
"28135",1511,929,582,2015
"28137",2048,1670,378,2015
"28139",841,778,63,2015
"28141",685,983,-298,2015
"28143",1061,918,143,2015
"28145",967,1761,-794,2015
"28147",865,696,169,2015
"28149",1228,2022,-794,2015
"28151",1908,2103,-195,2015
"28153",393,779,-386,2015
"28155",476,861,-385,2015
"28157",667,901,-234,2015
"28159",1051,1159,-108,2015
"28161",507,817,-310,2015
"28163",1625,1523,102,2015
"29001",3540,3038,502,2015
"29003",976,894,82,2015
"29005",285,495,-210,2015
"29007",2664,1527,1137,2015
"29009",2269,3310,-1041,2015
"29011",665,1102,-437,2015
"29013",980,1077,-97,2015
"29015",1507,1341,166,2015
"29017",588,839,-251,2015
"29019",18323,13884,4439,2015
"29021",7065,4720,2345,2015
"29023",2265,3056,-791,2015
"29025",728,775,-47,2015
"29027",4469,3350,1119,2015
"29029",3546,2567,979,2015
"29031",6700,4467,2233,2015
"29033",599,672,-73,2015
"29035",388,483,-95,2015
"29037",5100,6975,-1875,2015
"29039",919,1023,-104,2015
"29041",313,292,21,2015
"29043",6848,6155,693,2015
"29045",307,251,56,2015
"29047",17032,15863,1169,2015
"29049",2028,2362,-334,2015
"29051",5837,5779,58,2015
"29053",1645,1564,81,2015
"29055",1916,1500,416,2015
"29057",660,606,54,2015
"29059",1284,1147,137,2015
"29061",487,500,-13,2015
"29063",2153,961,1192,2015
"29065",1132,879,253,2015
"29067",1091,1126,-35,2015
"29069",1711,1418,293,2015
"29071",3858,5537,-1679,2015
"29073",938,986,-48,2015
"29075",340,267,73,2015
"29077",25274,17800,7474,2015
"29079",776,647,129,2015
"29081",410,747,-337,2015
"29083",1063,2029,-966,2015
"29085",656,560,96,2015
"29087",267,377,-110,2015
"29089",602,1025,-423,2015
"29091",2186,2417,-231,2015
"29093",848,627,221,2015
"29095",36204,38441,-2237,2015
"29097",6558,8437,-1879,2015
"29099",9820,10762,-942,2015
"29101",7079,5219,1860,2015
"29103",253,329,-76,2015
"29105",2569,1785,784,2015
"29107",2215,2074,141,2015
"29109",2765,2219,546,2015
"29111",747,361,386,2015
"29113",2440,4168,-1728,2015
"29115",577,733,-156,2015
"29117",1164,1081,83,2015
"29119",2120,1464,656,2015
"29121",642,1195,-553,2015
"29123",670,872,-202,2015
"29125",935,833,102,2015
"29127",1667,2109,-442,2015
"29129",230,197,33,2015
"29131",1388,1898,-510,2015
"29133",1635,1074,561,2015
"29135",1620,1344,276,2015
"29137",713,336,377,2015
"29139",970,588,382,2015
"29141",1249,1366,-117,2015
"29143",898,1413,-515,2015
"29145",4738,4107,631,2015
"29147",3823,1870,1953,2015
"29149",939,920,19,2015
"29151",688,639,49,2015
"29153",852,677,175,2015
"29155",1057,1258,-201,2015
"29157",1179,647,532,2015
"29159",3112,3324,-212,2015
"29161",6297,3578,2719,2015
"29163",1640,1603,37,2015
"29165",9704,7922,1782,2015
"29167",2401,2108,293,2015
"29169",18727,8325,10402,2015
"29171",272,351,-79,2015
"29173",547,922,-375,2015
"29175",2470,2440,30,2015
"29177",1450,1509,-59,2015
"29179",224,368,-144,2015
"29181",639,383,256,2015
"29183",19437,18117,1320,2015
"29185",911,589,322,2015
"29186",1115,1075,40,2015
"29187",5770,4321,1449,2015
"29189",57381,54010,3371,2015
"29195",1624,1792,-168,2015
"29197",247,152,95,2015
"29199",518,267,251,2015
"29201",2030,2642,-612,2015
"29203",411,529,-118,2015
"29205",295,321,-26,2015
"29207",1942,1499,443,2015
"29209",2592,2443,149,2015
"29211",384,730,-346,2015
"29213",5222,4475,747,2015
"29215",2094,1579,515,2015
"29217",1420,1127,293,2015
"29219",1908,1897,11,2015
"29221",1236,1408,-172,2015
"29223",648,690,-42,2015
"29225",3324,2955,369,2015
"29227",65,121,-56,2015
"29229",1162,1711,-549,2015
"29510",29032,33661,-4629,2015
"30001",1021,1270,-249,2015
"30003",483,778,-295,2015
"30005",402,447,-45,2015
"30007",619,286,333,2015
"30009",529,792,-263,2015
"30011",35,193,-158,2015
"30013",5218,6318,-1100,2015
"30015",380,358,22,2015
"30017",1034,833,201,2015
"30019",70,71,-1,2015
"30021",1123,576,547,2015
"30023",1009,1015,-6,2015
"30025",242,117,125,2015
"30027",694,1455,-761,2015
"30029",5396,4928,468,2015
"30031",9889,5902,3987,2015
"30033",21,61,-40,2015
"30035",948,611,337,2015
"30037",99,16,83,2015
"30039",360,244,116,2015
"30041",779,971,-192,2015
"30043",1221,698,523,2015
"30045",160,101,59,2015
"30047",1927,1515,412,2015
"30049",4526,4001,525,2015
"30051",133,169,-36,2015
"30053",1191,1068,123,2015
"30055",50,39,11,2015
"30057",662,632,30,2015
"30059",102,40,62,2015
"30061",351,216,135,2015
"30063",9852,8561,1291,2015
"30065",341,441,-100,2015
"30067",655,1255,-600,2015
"30071",244,185,59,2015
"30073",456,467,-11,2015
"30075",109,116,-7,2015
"30077",707,935,-228,2015
"30079",37,42,-5,2015
"30081",3072,3097,-25,2015
"30083",1401,930,471,2015
"30085",362,724,-362,2015
"30087",426,605,-179,2015
"30089",433,1071,-638,2015
"30091",216,316,-100,2015
"30093",3005,2553,452,2015
"30095",536,555,-19,2015
"30097",179,174,5,2015
"30099",412,282,130,2015
"30101",801,523,278,2015
"30103",46,50,-4,2015
"30105",424,554,-130,2015
"30107",68,28,40,2015
"30109",46,64,-18,2015
"30111",10040,7603,2437,2015
"31001",2460,3226,-766,2015
"31003",398,455,-57,2015
"31005",41,17,24,2015
"31007",88,179,-91,2015
"31009",74,45,29,2015
"31011",212,404,-192,2015
"31013",442,629,-187,2015
"31015",71,157,-86,2015
"31017",112,171,-59,2015
"31019",4821,3680,1141,2015
"31021",319,441,-122,2015
"31023",447,764,-317,2015
"31025",1667,2067,-400,2015
"31027",673,449,224,2015
"31029",210,278,-68,2015
"31031",316,328,-12,2015
"31033",714,550,164,2015
"31035",400,531,-131,2015
"31037",687,649,38,2015
"31039",517,347,170,2015
"31041",585,589,-4,2015
"31043",1315,1276,39,2015
"31045",1447,625,822,2015
"31047",1441,1230,211,2015
"31049",169,117,52,2015
"31051",244,558,-314,2015
"31053",2102,2023,79,2015
"31055",30786,29932,854,2015
"31057",136,95,41,2015
"31059",399,618,-219,2015
"31061",240,490,-250,2015
"31063",310,235,75,2015
"31065",327,358,-31,2015
"31067",1223,1505,-282,2015
"31069",124,244,-120,2015
"31071",77,133,-56,2015
"31073",159,137,22,2015
"31075",64,16,48,2015
"31077",151,159,-8,2015
"31079",3965,3147,818,2015
"31081",421,735,-314,2015
"31083",170,184,-14,2015
"31085",84,158,-74,2015
"31087",126,135,-9,2015
"31089",607,465,142,2015
"31093",325,420,-95,2015
"31095",513,331,182,2015
"31097",495,520,-25,2015
"31099",682,569,113,2015
"31101",990,669,321,2015
"31103",42,41,1,2015
"31105",271,347,-76,2015
"31107",432,832,-400,2015
"31109",20500,14828,5672,2015
"31111",2060,1832,228,2015
"31113",98,59,39,2015
"31115",34,44,-10,2015
"31117",8,78,-70,2015
"31119",2410,2716,-306,2015
"31121",837,426,411,2015
"31123",404,408,-4,2015
"31125",172,190,-18,2015
"31127",749,445,304,2015
"31129",308,192,116,2015
"31131",1117,892,225,2015
"31133",129,71,58,2015
"31135",231,222,9,2015
"31137",666,675,-9,2015
"31139",383,592,-209,2015
"31141",1371,1603,-232,2015
"31143",236,155,81,2015
"31145",773,579,194,2015
"31147",172,400,-228,2015
"31149",125,47,78,2015
"31151",1073,830,243,2015
"31153",14372,14337,35,2015
"31155",1514,1170,344,2015
"31157",2056,1940,116,2015
"31159",1570,1340,230,2015
"31161",386,411,-25,2015
"31163",93,145,-52,2015
"31165",35,36,-1,2015
"31167",552,554,-2,2015
"31169",232,195,37,2015
"31171",68,81,-13,2015
"31173",274,506,-232,2015
"31175",303,330,-27,2015
"31177",1206,1428,-222,2015
"31179",1284,627,657,2015
"31181",256,232,24,2015
"31183",38,28,10,2015
"31185",1176,1039,137,2015
"32001",2254,2195,59,2015
"32003",106614,79642,26972,2015
"32005",3564,3333,231,2015
"32007",3392,2515,877,2015
"32009",77,84,-7,2015
"32011",109,259,-150,2015
"32013",1801,1663,138,2015
"32015",221,372,-151,2015
"32017",685,469,216,2015
"32019",5297,5295,2,2015
"32021",347,320,27,2015
"32023",3751,2792,959,2015
"32027",1061,1011,50,2015
"32029",422,319,103,2015
"32031",27760,21805,5955,2015
"32033",824,673,151,2015
"32510",6446,4307,2139,2015
"33001",3067,3326,-259,2015
"33003",2859,2932,-73,2015
"33005",6058,3667,2391,2015
"33007",1556,1572,-16,2015
"33009",9017,5819,3198,2015
"33011",20330,19503,827,2015
"33013",9066,8759,307,2015
"33015",15759,17357,-1598,2015
"33017",11513,7008,4505,2015
"33019",2456,1926,530,2015
"34001",11943,11787,156,2015
"34003",36398,38957,-2559,2015
"34005",20976,24748,-3772,2015
"34007",22931,23006,-75,2015
"34009",4651,4461,190,2015
"34011",7464,5815,1649,2015
"34013",31518,35913,-4395,2015
"34015",12925,12390,535,2015
"34017",39458,35964,3494,2015
"34019",6423,6631,-208,2015
"34021",23636,22795,841,2015
"34023",39567,39895,-328,2015
"34025",22036,25392,-3356,2015
"34027",20103,23930,-3827,2015
"34029",20366,19820,546,2015
"34031",14624,18686,-4062,2015
"34033",2765,3555,-790,2015
"34035",15271,17894,-2623,2015
"34037",5667,5900,-233,2015
"34039",23773,23180,593,2015
"34041",5578,5482,96,2015
"35001",37012,32331,4681,2015
"35003",122,279,-157,2015
"35005",3988,3760,228,2015
"35006",1704,1473,231,2015
"35007",915,864,51,2015
"35009",4861,3941,920,2015
"35011",165,226,-61,2015
"35013",12923,12587,336,2015
"35015",2808,4094,-1286,2015
"35017",1109,1596,-487,2015
"35019",381,997,-616,2015
"35021",34,31,3,2015
"35023",291,400,-109,2015
"35025",3159,3635,-476,2015
"35027",1626,1607,19,2015
"35028",1304,1474,-170,2015
"35029",1193,1722,-529,2015
"35031",2153,2855,-702,2015
"35033",401,150,251,2015
"35035",6443,4886,1557,2015
"35037",535,746,-211,2015
"35039",1059,2191,-1132,2015
"35041",2140,1361,779,2015
"35043",7629,9129,-1500,2015
"35045",4331,5209,-878,2015
"35047",1206,1789,-583,2015
"35049",9870,7881,1989,2015
"35051",404,818,-414,2015
"35053",788,1152,-364,2015
"35055",1621,1484,137,2015
"35057",1199,1293,-94,2015
"35059",618,249,369,2015
"35061",4386,3491,895,2015
"36001",21497,18936,2561,2015
"36003",3398,2984,414,2015
"36005",61593,61145,448,2015
"36007",10902,8040,2862,2015
"36009",2976,3984,-1008,2015
"36011",4542,4312,230,2015
"36013",6901,5574,1327,2015
"36015",4617,4748,-131,2015
"36017",2017,2503,-486,2015
"36019",6706,4394,2312,2015
"36021",2276,2783,-507,2015
"36023",2264,2729,-465,2015
"36025",3262,2203,1059,2015
"36027",16089,14418,1671,2015
"36029",31024,28280,2744,2015
"36031",3079,3009,70,2015
"36033",4808,3747,1061,2015
"36035",2916,2942,-26,2015
"36037",2547,2510,37,2015
"36039",1922,3003,-1081,2015
"36041",175,335,-160,2015
"36043",2355,3536,-1181,2015
"36045",15729,13406,2323,2015
"36047",95332,121804,-26472,2015
"36049",1129,1466,-337,2015
"36051",4907,4021,886,2015
"36053",5132,4030,1102,2015
"36055",33678,32262,1416,2015
"36057",2651,3265,-614,2015
"36059",39611,47312,-7701,2015
"36061",136856,121404,15452,2015
"36063",7305,8590,-1285,2015
"36065",11719,9671,2048,2015
"36067",23964,22164,1800,2015
"36069",7326,5596,1730,2015
"36071",13455,16754,-3299,2015
"36073",2852,2666,186,2015
"36075",6232,5867,365,2015
"36077",5478,4023,1455,2015
"36079",4204,4500,-296,2015
"36081",86886,83330,3556,2015
"36083",12034,8475,3559,2015
"36085",10605,15154,-4549,2015
"36087",9360,11847,-2487,2015
"36089",7391,4913,2478,2015
"36091",13643,12824,819,2015
"36093",6883,8158,-1275,2015
"36095",1828,2016,-188,2015
"36097",877,990,-113,2015
"36099",2921,3165,-244,2015
"36101",3966,4342,-376,2015
"36103",33585,40821,-7236,2015
"36105",4261,3581,680,2015
"36107",1904,2709,-805,2015
"36109",13706,8984,4722,2015
"36111",9107,8884,223,2015
"36113",3114,4067,-953,2015
"36115",5119,3966,1153,2015
"36117",4001,4288,-287,2015
"36119",40970,38682,2288,2015
"36121",3543,2712,831,2015
"36123",1922,870,1052,2015
"37001",9270,8806,464,2015
"37003",1780,2041,-261,2015
"37005",339,255,84,2015
"37007",1342,1185,157,2015
"37009",868,1306,-438,2015
"37011",1843,1160,683,2015
"37013",1381,1591,-210,2015
"37015",1093,1091,2,2015
"37017",1591,1157,434,2015
"37019",9361,6753,2608,2015
"37021",18210,15199,3011,2015
"37023",4801,4230,571,2015
"37025",12032,10877,1155,2015
"37027",3129,4123,-994,2015
"37029",730,462,268,2015
"37031",4483,4400,83,2015
"37033",1647,1408,239,2015
"37035",8042,7571,471,2015
"37037",4191,4259,-68,2015
"37039",1343,1734,-391,2015
"37041",717,920,-203,2015
"37043",688,339,349,2015
"37045",3443,3927,-484,2015
"37047",3422,2978,444,2015
"37049",12219,9459,2760,2015
"37051",31947,34983,-3036,2015
"37053",1144,1605,-461,2015
"37055",2126,2637,-511,2015
"37057",7398,8207,-809,2015
"37059",1952,1788,164,2015
"37061",3637,2509,1128,2015
"37063",29408,20913,8495,2015
"37065",3441,3506,-65,2015
"37067",21540,20537,1003,2015
"37069",4163,2162,2001,2015
"37071",9464,9754,-290,2015
"37073",415,818,-403,2015
"37075",391,222,169,2015
"37077",4359,3719,640,2015
"37079",2391,1519,872,2015
"37081",29180,28208,972,2015
"37083",2205,1882,323,2015
"37085",13313,10178,3135,2015
"37087",3894,3141,753,2015
"37089",7617,4766,2851,2015
"37091",2264,965,1299,2015
"37093",7140,5310,1830,2015
"37095",602,331,271,2015
"37097",8788,8625,163,2015
"37099",4547,2518,2029,2015
"37101",9342,9468,-126,2015
"37103",670,848,-178,2015
"37105",4067,4071,-4,2015
"37107",2356,3836,-1480,2015
"37109",4949,5669,-720,2015
"37111",1658,2428,-770,2015
"37113",1751,1861,-110,2015
"37115",1601,1081,520,2015
"37117",823,621,202,2015
"37119",74907,56842,18065,2015
"37121",807,1155,-348,2015
"37123",1371,1099,272,2015
"37125",4882,5568,-686,2015
"37127",5952,7600,-1648,2015
"37129",17917,14281,3636,2015
"37131",1759,1498,261,2015
"37133",26085,23155,2930,2015
"37135",18858,13799,5059,2015
"37137",1153,781,372,2015
"37139",2834,2854,-20,2015
"37141",5378,3974,1404,2015
"37143",933,699,234,2015
"37145",1314,1690,-376,2015
"37147",16743,10627,6116,2015
"37149",917,1048,-131,2015
"37151",5083,6095,-1012,2015
"37153",1936,2293,-357,2015
"37155",5467,4786,681,2015
"37157",3906,2938,968,2015
"37159",7405,6886,519,2015
"37161",2334,2432,-98,2015
"37163",3879,2448,1431,2015
"37165",2525,2073,452,2015
"37167",2960,3412,-452,2015
"37169",1636,2234,-598,2015
"37171",2080,2504,-424,2015
"37173",630,813,-183,2015
"37175",1995,1659,336,2015
"37177",522,357,165,2015
"37179",13263,10489,2774,2015
"37181",2003,1939,64,2015
"37183",68242,53951,14291,2015
"37185",1575,1584,-9,2015
"37187",239,360,-121,2015
"37189",8311,4374,3937,2015
"37191",8631,7382,1249,2015
"37193",1780,2011,-231,2015
"37195",3992,3642,350,2015
"37197",1430,1423,7,2015
"37199",802,776,26,2015
"38001",182,418,-236,2015
"38003",934,644,290,2015
"38005",305,409,-104,2015
"38007",144,77,67,2015
"38009",445,554,-109,2015
"38011",210,378,-168,2015
"38013",316,99,217,2015
"38015",6951,5903,1048,2015
"38017",17364,10115,7249,2015
"38019",154,162,-8,2015
"38021",480,360,120,2015
"38023",119,172,-53,2015
"38025",508,174,334,2015
"38027",161,129,32,2015
"38029",63,115,-52,2015
"38031",181,125,56,2015
"38033",159,87,72,2015
"38035",8573,5384,3189,2015
"38037",182,154,28,2015
"38039",127,118,9,2015
"38041",351,239,112,2015
"38043",117,68,49,2015
"38045",194,255,-61,2015
"38047",132,172,-40,2015
"38049",473,389,84,2015
"38051",83,215,-132,2015
"38053",783,1042,-259,2015
"38055",845,719,126,2015
"38057",794,507,287,2015
"38059",2497,2440,57,2015
"38061",732,913,-181,2015
"38063",207,257,-50,2015
"38065",95,138,-43,2015
"38067",399,498,-99,2015
"38069",318,190,128,2015
"38071",631,410,221,2015
"38073",375,389,-14,2015
"38075",236,224,12,2015
"38077",1528,876,652,2015
"38079",332,865,-533,2015
"38081",223,644,-421,2015
"38083",62,110,-48,2015
"38085",232,315,-83,2015
"38087",26,47,-21,2015
"38089",2848,2682,166,2015
"38091",130,92,38,2015
"38093",1621,1355,266,2015
"38095",102,98,4,2015
"38097",534,456,78,2015
"38099",522,806,-284,2015
"38101",7793,5913,1880,2015
"38103",173,197,-24,2015
"38105",3665,3202,463,2015
"39001",846,1538,-692,2015
"39003",6375,5334,1041,2015
"39005",3519,2937,582,2015
"39007",3739,4849,-1110,2015
"39009",9076,4527,4549,2015
"39011",2073,2819,-746,2015
"39013",4032,3310,722,2015
"39015",2343,2614,-271,2015
"39017",23626,19011,4615,2015
"39019",1488,1657,-169,2015
"39021",2541,2373,168,2015
"39023",6790,5749,1041,2015
"39025",9664,11302,-1638,2015
"39027",2435,2797,-362,2015
"39029",5077,4898,179,2015
"39031",1382,2076,-694,2015
"39033",1921,2045,-124,2015
"39035",47305,51781,-4476,2015
"39037",2070,1938,132,2015
"39039",2156,1948,208,2015
"39041",12949,10611,2338,2015
"39043",4125,4279,-154,2015
"39045",9983,9434,549,2015
"39047",1853,2319,-466,2015
"39049",76479,61729,14750,2015
"39051",1759,2703,-944,2015
"39053",1261,1220,41,2015
"39055",3842,4476,-634,2015
"39057",14719,13340,1379,2015
"39059",1629,1969,-340,2015
"39061",41567,39655,1912,2015
"39063",4986,4287,699,2015
"39065",2119,1736,383,2015
"39067",670,953,-283,2015
"39069",1250,1611,-361,2015
"39071",2034,2883,-849,2015
"39073",1461,1203,258,2015
"39075",1262,1966,-704,2015
"39077",2728,2963,-235,2015
"39079",1573,1464,109,2015
"39081",3907,2415,1492,2015
"39083",4082,2547,1535,2015
"39085",8850,8862,-12,2015
"39087",2766,2864,-98,2015
"39089",10323,9176,1147,2015
"39091",2120,2457,-337,2015
"39093",14618,13134,1484,2015
"39095",19125,19756,-631,2015
"39097",4058,2898,1160,2015
"39099",10809,10534,275,2015
"39101",4759,2969,1790,2015
"39103",8475,9573,-1098,2015
"39105",853,916,-63,2015
"39107",1528,1942,-414,2015
"39109",5149,5737,-588,2015
"39111",460,1033,-573,2015
"39113",31841,26705,5136,2015
"39115",443,1114,-671,2015
"39117",1046,2458,-1412,2015
"39119",3281,3647,-366,2015
"39121",1552,1006,546,2015
"39123",1846,2227,-381,2015
"39125",663,1017,-354,2015
"39127",1550,2337,-787,2015
"39129",5440,3996,1444,2015
"39131",1780,1502,278,2015
"39133",12527,8638,3889,2015
"39135",1957,2074,-117,2015
"39137",1206,1961,-755,2015
"39139",7407,7230,177,2015
"39141",4512,3767,745,2015
"39143",2328,2684,-356,2015
"39145",3345,3829,-484,2015
"39147",3452,3154,298,2015
"39149",1620,1797,-177,2015
"39151",14491,14839,-348,2015
"39153",22894,25155,-2261,2015
"39155",7164,8827,-1663,2015
"39157",3268,3605,-337,2015
"39159",4838,4741,97,2015
"39161",1857,1807,50,2015
"39163",618,1046,-428,2015
"39165",17392,15535,1857,2015
"39167",2901,2235,666,2015
"39169",5652,5902,-250,2015
"39171",1964,1606,358,2015
"39173",13361,9437,3924,2015
"39175",1256,1281,-25,2015
"40001",688,1489,-801,2015
"40003",662,426,236,2015
"40005",1173,1047,126,2015
"40007",312,658,-346,2015
"40009",1559,2814,-1255,2015
"40011",1150,1059,91,2015
"40013",3319,3212,107,2015
"40015",1957,1586,371,2015
"40017",10129,8304,1825,2015
"40019",2349,2528,-179,2015
"40021",2860,3473,-613,2015
"40023",662,1241,-579,2015
"40025",98,204,-106,2015
"40027",27933,20656,7277,2015
"40029",275,355,-80,2015
"40031",19402,12807,6595,2015
"40033",517,553,-36,2015
"40035",1489,967,522,2015
"40037",3382,5087,-1705,2015
"40039",2697,2779,-82,2015
"40041",2853,2985,-132,2015
"40043",502,331,171,2015
"40045",310,248,62,2015
"40047",5064,4441,623,2015
"40049",823,1682,-859,2015
"40051",3092,3406,-314,2015
"40053",302,561,-259,2015
"40055",746,836,-90,2015
"40057",145,251,-106,2015
"40059",230,415,-185,2015
"40061",341,1120,-779,2015
"40063",1282,1530,-248,2015
"40065",2473,2387,86,2015
"40067",539,429,110,2015
"40069",896,1009,-113,2015
"40071",3277,2837,440,2015
"40073",659,892,-233,2015
"40075",898,506,392,2015
"40077",674,928,-254,2015
"40079",2280,2649,-369,2015
"40081",1929,2144,-215,2015
"40083",4809,3510,1299,2015
"40085",562,453,109,2015
"40087",3366,2579,787,2015
"40089",1458,1781,-323,2015
"40091",877,1296,-419,2015
"40093",516,262,254,2015
"40095",1165,1033,132,2015
"40097",2075,2174,-99,2015
"40099",843,1036,-193,2015
"40101",5731,4159,1572,2015
"40103",777,1009,-232,2015
"40105",673,731,-58,2015
"40107",750,1090,-340,2015
"40109",52193,45502,6691,2015
"40111",2700,2236,464,2015
"40113",3147,5080,-1933,2015
"40115",2159,2947,-788,2015
"40117",967,1408,-441,2015
"40119",11838,7199,4639,2015
"40121",3425,3082,343,2015
"40123",2361,2179,182,2015
"40125",5555,4360,1195,2015
"40127",760,592,168,2015
"40129",164,326,-162,2015
"40131",6516,6582,-66,2015
"40133",1780,1335,445,2015
"40135",2476,2102,374,2015
"40137",3317,3023,294,2015
"40139",1575,1550,25,2015
"40141",652,867,-215,2015
"40143",39548,34206,5342,2015
"40145",6035,5712,323,2015
"40147",4073,2804,1269,2015
"40149",757,1026,-269,2015
"40151",1052,940,112,2015
"40153",1282,1992,-710,2015
"41001",1368,1399,-31,2015
"41003",10732,8656,2076,2015
"41005",30022,24488,5534,2015
"41007",4192,3364,828,2015
"41009",3608,2887,721,2015
"41011",3794,4291,-497,2015
"41013",1879,1081,798,2015
"41015",2237,1206,1031,2015
"41017",9817,10833,-1016,2015
"41019",6107,4978,1129,2015
"41021",124,71,53,2015
"41023",444,319,125,2015
"41025",554,498,56,2015
"41027",975,969,6,2015
"41029",13637,11483,2154,2015
"41031",2092,1834,258,2015
"41033",5140,4541,599,2015
"41035",3944,4100,-156,2015
"41037",779,1219,-440,2015
"41039",24624,18631,5993,2015
"41041",3088,3386,-298,2015
"41043",8037,7713,324,2015
"41045",2854,2893,-39,2015
"41047",20237,17494,2743,2015
"41049",893,1192,-299,2015
"41051",62781,52924,9857,2015
"41053",8262,6327,1935,2015
"41055",151,162,-11,2015
"41057",1260,1361,-101,2015
"41059",4802,4214,588,2015
"41061",1715,1626,89,2015
"41063",601,516,85,2015
"41065",1648,1297,351,2015
"41067",43561,35156,8405,2015
"41069",115,59,56,2015
"41071",9142,6881,2261,2015
"42001",4957,6740,-1783,2015
"42003",54373,50357,4016,2015
"42005",2639,2770,-131,2015
"42007",6355,7493,-1138,2015
"42009",1246,1783,-537,2015
"42011",16962,15592,1370,2015
"42013",4043,4761,-718,2015
"42015",1667,2587,-920,2015
"42017",25905,25888,17,2015
"42019",9937,8243,1694,2015
"42021",6210,6088,122,2015
"42023",261,365,-104,2015
"42025",3138,3598,-460,2015
"42027",22065,10333,11732,2015
"42029",25556,24905,651,2015
"42031",2773,1937,836,2015
"42033",4680,2966,1714,2015
"42035",2710,1630,1080,2015
"42037",4294,4662,-368,2015
"42039",4090,4309,-219,2015
"42041",18694,12604,6090,2015
"42043",15861,14996,865,2015
"42045",24904,24066,838,2015
"42047",431,1045,-614,2015
"42049",12317,10826,1491,2015
"42051",3830,5540,-1710,2015
"42053",1042,486,556,2015
"42055",7395,8030,-635,2015
"42057",591,768,-177,2015
"42059",2464,1895,569,2015
"42061",2771,2138,633,2015
"42063",7791,3470,4321,2015
"42065",1939,2466,-527,2015
"42067",742,810,-68,2015
"42069",9641,8605,1036,2015
"42071",18259,16593,1666,2015
"42073",2552,3314,-762,2015
"42075",6868,5814,1054,2015
"42077",19555,18834,721,2015
"42079",13260,10906,2354,2015
"42081",5551,4629,922,2015
"42083",1858,2059,-201,2015
"42085",5367,5665,-298,2015
"42087",1298,1285,13,2015
"42089",8244,9305,-1061,2015
"42091",43779,38150,5629,2015
"42093",1333,1294,39,2015
"42095",16310,14798,1512,2015
"42097",4379,3897,482,2015
"42099",2015,2882,-867,2015
"42101",72050,73417,-1367,2015
"42103",3207,3943,-736,2015
"42105",765,919,-154,2015
"42107",4578,5814,-1236,2015
"42109",1857,1658,199,2015
"42111",2492,3687,-1195,2015
"42113",430,294,136,2015
"42115",1735,1958,-223,2015
"42117",1748,1831,-83,2015
"42119",4891,3020,1871,2015
"42121",2369,2071,298,2015
"42123",1407,1667,-260,2015
"42125",10286,8573,1713,2015
"42127",3450,2301,1149,2015
"42129",13108,13258,-150,2015
"42131",1467,1536,-69,2015
"42133",18865,16781,2084,2015
"44001",3234,3600,-366,2015
"44003",9023,8018,1005,2015
"44005",8100,7041,1059,2015
"44007",29326,25449,3877,2015
"44009",8148,6753,1395,2015
"45001",1396,1522,-126,2015
"45003",8372,7998,374,2015
"45005",526,618,-92,2015
"45007",9569,9276,293,2015
"45009",803,1021,-218,2015
"45011",727,1371,-644,2015
"45013",18703,13113,5590,2015
"45015",18930,15657,3273,2015
"45017",671,473,198,2015
"45019",30446,24990,5456,2015
"45021",2318,2437,-119,2015
"45023",1182,1672,-490,2015
"45025",1966,1909,57,2015
"45027",2198,2018,180,2015
"45029",1578,1821,-243,2015
"45031",3386,2559,827,2015
"45033",1251,1151,100,2015
"45035",13200,12814,386,2015
"45037",2046,1742,304,2015
"45039",787,975,-188,2015
"45041",5325,8353,-3028,2015
"45043",3749,3903,-154,2015
"45045",29222,25075,4147,2015
"45047",4502,3323,1179,2015
"45049",740,697,43,2015
"45051",20796,15308,5488,2015
"45053",2261,1814,447,2015
"45055",3233,2871,362,2015
"45057",3253,3315,-62,2015
"45059",4071,3039,1032,2015
"45061",1034,1168,-134,2015
"45063",18017,14665,3352,2015
"45065",784,466,318,2015
"45067",1237,1592,-355,2015
"45069",1621,1710,-89,2015
"45071",1903,2004,-101,2015
"45073",4997,3350,1647,2015
"45075",3389,4602,-1213,2015
"45077",12103,8764,3339,2015
"45079",46686,28359,18327,2015
"45081",946,1033,-87,2015
"45083",15867,12580,3287,2015
"45085",7010,6776,234,2015
"45087",1203,1419,-216,2015
"45089",1264,1745,-481,2015
"45091",14736,10076,4660,2015
"46003",135,710,-575,2015
"46005",1031,1801,-770,2015
"46007",227,164,63,2015
"46009",740,406,334,2015
"46011",5171,3264,1907,2015
"46013",3056,1711,1345,2015
"46015",272,342,-70,2015
"46017",27,102,-75,2015
"46019",936,564,372,2015
"46021",118,21,97,2015
"46023",515,414,101,2015
"46025",284,378,-94,2015
"46027",2715,1822,893,2015
"46029",1670,1609,61,2015
"46031",175,245,-70,2015
"46033",652,571,81,2015
"46035",1961,1361,600,2015
"46037",464,226,238,2015
"46039",225,236,-11,2015
"46041",182,454,-272,2015
"46043",221,149,72,2015
"46045",213,173,40,2015
"46047",526,548,-22,2015
"46049",309,103,206,2015
"46051",273,417,-144,2015
"46053",252,351,-99,2015
"46055",67,116,-49,2015
"46057",398,480,-82,2015
"46059",105,267,-162,2015
"46061",221,196,25,2015
"46063",89,45,44,2015
"46065",1429,1424,5,2015
"46067",487,446,41,2015
"46069",61,148,-87,2015
"46071",192,256,-64,2015
"46073",144,88,56,2015
"46075",21,161,-140,2015
"46077",423,390,33,2015
"46079",1148,1104,44,2015
"46081",2629,1526,1103,2015
"46083",5443,4464,979,2015
"46085",212,201,11,2015
"46087",396,326,70,2015
"46089",323,105,218,2015
"46091",330,331,-1,2015
"46093",3437,1991,1446,2015
"46095",94,127,-33,2015
"46097",155,107,48,2015
"46099",11442,15107,-3665,2015
"46101",481,477,4,2015
"46102",381,1045,-664,2015
"46103",8242,8444,-202,2015
"46105",269,303,-34,2015
"46107",62,99,-37,2015
"46109",684,793,-109,2015
"46111",111,90,21,2015
"46115",490,380,110,2015
"46117",158,269,-111,2015
"46119",76,150,-74,2015
"46121",329,247,82,2015
"46123",271,354,-83,2015
"46125",504,374,130,2015
"46127",1343,1206,137,2015
"46129",515,383,132,2015
"46135",1601,1634,-33,2015
"46137",122,338,-216,2015
"47001",5220,4730,490,2015
"47003",2563,2196,367,2015
"47005",562,744,-182,2015
"47007",1565,1195,370,2015
"47009",6317,6313,4,2015
"47011",6177,5774,403,2015
"47013",1335,1619,-284,2015
"47015",1430,503,927,2015
"47017",1315,1250,65,2015
"47019",3128,2718,410,2015
"47021",2674,2583,91,2015
"47023",943,1374,-431,2015
"47025",2092,1039,1053,2015
"47027",486,523,-37,2015
"47029",1663,1378,285,2015
"47031",4130,2779,1351,2015
"47033",715,618,97,2015
"47035",3188,2457,731,2015
"47037",52004,44543,7461,2015
"47039",488,373,115,2015
"47041",993,1593,-600,2015
"47043",2073,2664,-591,2015
"47045",2150,1881,269,2015
"47047",1914,2084,-170,2015
"47049",1050,866,184,2015
"47051",2868,1931,937,2015
"47053",2106,2533,-427,2015
"47055",1205,1627,-422,2015
"47057",1290,1853,-563,2015
"47059",3411,3186,225,2015
"47061",217,508,-291,2015
"47063",3840,3274,566,2015
"47065",19539,15338,4201,2015
"47067",344,239,105,2015
"47069",813,1421,-608,2015
"47071",981,1212,-231,2015
"47073",3224,2905,319,2015
"47075",824,1227,-403,2015
"47077",1043,1207,-164,2015
"47079",1206,1415,-209,2015
"47081",2164,1614,550,2015
"47083",458,617,-159,2015
"47085",1048,848,200,2015
"47087",570,475,95,2015
"47089",4606,2898,1708,2015
"47091",1326,1091,235,2015
"47093",27919,23394,4525,2015
"47095",1064,848,216,2015
"47097",2414,1685,729,2015
"47099",1464,1179,285,2015
"47101",458,387,71,2015
"47103",2223,1670,553,2015
"47105",3852,2741,1111,2015
"47107",2456,3978,-1522,2015
"47109",982,795,187,2015
"47111",1229,1010,219,2015
"47113",5190,5382,-192,2015
"47115",697,1472,-775,2015
"47117",2021,1959,62,2015
"47119",6794,4453,2341,2015
"47121",509,522,-13,2015
"47123",2586,2052,534,2015
"47125",21874,19939,1935,2015
"47127",546,409,137,2015
"47129",2187,1496,691,2015
"47131",1867,1892,-25,2015
"47133",870,875,-5,2015
"47135",373,252,121,2015
"47137",626,211,415,2015
"47139",896,953,-57,2015
"47141",4507,3710,797,2015
"47143",3115,2298,817,2015
"47145",2704,3127,-423,2015
"47147",4244,4064,180,2015
"47149",21698,15968,5730,2015
"47151",700,474,226,2015
"47153",1002,647,355,2015
"47155",7333,5996,1337,2015
"47157",38695,39037,-342,2015
"47159",999,2116,-1117,2015
"47161",921,723,198,2015
"47163",8258,8027,231,2015
"47165",12082,10428,1654,2015
"47167",4286,4453,-167,2015
"47169",932,945,-13,2015
"47171",1164,692,472,2015
"47173",1049,1273,-224,2015
"47175",354,347,7,2015
"47177",1546,1180,366,2015
"47179",8084,8984,-900,2015
"47181",562,871,-309,2015
"47183",2831,2449,382,2015
"47185",1190,871,319,2015
"47187",17691,13853,3838,2015
"47189",8647,6476,2171,2015
"48001",5640,5355,285,2015
"48003",1291,863,428,2015
"48005",4970,5297,-327,2015
"48007",2594,2934,-340,2015
"48009",292,403,-111,2015
"48011",140,91,49,2015
"48013",3229,3017,212,2015
"48015",1768,1224,544,2015
"48017",417,572,-155,2015
"48019",1798,1406,392,2015
"48021",6859,4809,2050,2015
"48023",272,194,78,2015
"48025",4740,3785,955,2015
"48027",37861,31523,6338,2015
"48029",102168,79326,22842,2015
"48031",518,442,76,2015
"48033",106,79,27,2015
"48035",1185,1223,-38,2015
"48037",6279,6837,-558,2015
"48039",19593,17902,1691,2015
"48041",31423,17468,13955,2015
"48043",886,983,-97,2015
"48045",93,190,-97,2015
"48047",920,305,615,2015
"48049",1663,1751,-88,2015
"48051",1285,813,472,2015
"48053",3313,3074,239,2015
"48055",4920,3205,1715,2015
"48057",1194,1092,102,2015
"48059",943,1020,-77,2015
"48061",10751,12941,-2190,2015
"48063",655,557,98,2015
"48065",627,584,43,2015
"48067",1170,1626,-456,2015
"48069",665,752,-87,2015
"48071",2598,2703,-105,2015
"48073",3085,3465,-380,2015
"48075",827,682,145,2015
"48077",966,732,234,2015
"48079",157,140,17,2015
"48081",319,251,68,2015
"48083",300,707,-407,2015
"48085",65227,56196,9031,2015
"48087",238,177,61,2015
"48089",421,1210,-789,2015
"48091",10849,8637,2212,2015
"48093",718,1127,-409,2015
"48095",651,160,491,2015
"48097",2641,3437,-796,2015
"48099",11929,10279,1650,2015
"48101",52,68,-16,2015
"48103",494,212,282,2015
"48105",224,49,175,2015
"48107",427,585,-158,2015
"48109",89,315,-226,2015
"48111",629,987,-358,2015
"48113",133720,132260,1460,2015
"48115",1410,1717,-307,2015
"48117",956,1390,-434,2015
"48119",314,423,-109,2015
"48121",71531,46149,25382,2015
"48123",1632,1633,-1,2015
"48125",142,214,-72,2015
"48127",845,687,158,2015
"48129",364,324,40,2015
"48131",1056,487,569,2015
"48133",1235,1243,-8,2015
"48135",11690,9242,2448,2015
"48137",77,282,-205,2015
"48139",8841,9386,-545,2015
"48141",42712,39622,3090,2015
"48143",3802,2790,1012,2015
"48145",1151,1312,-161,2015
"48147",3996,2684,1312,2015
"48149",860,738,122,2015
"48151",179,381,-202,2015
"48153",328,856,-528,2015
"48155",75,28,47,2015
"48157",48246,34558,13688,2015
"48159",506,1010,-504,2015
"48161",1798,1497,301,2015
"48163",2319,1093,1226,2015
"48165",1664,1039,625,2015
"48167",23289,15966,7323,2015
"48169",1619,555,1064,2015
"48171",1437,1676,-239,2015
"48173",24,10,14,2015
"48175",468,555,-87,2015
"48177",1135,1374,-239,2015
"48179",2413,1688,725,2015
"48181",8193,6424,1769,2015
"48183",8944,8912,32,2015
"48185",2108,2392,-284,2015
"48187",10819,10315,504,2015
"48189",4213,2807,1406,2015
"48191",225,382,-157,2015
"48193",523,646,-123,2015
"48195",284,186,98,2015
"48197",222,592,-370,2015
"48199",2705,2788,-83,2015
"48201",212007,164985,47022,2015
"48203",3328,3927,-599,2015
"48205",769,414,355,2015
"48207",938,551,387,2015
"48209",24227,13581,10646,2015
"48211",328,292,36,2015
"48213",5023,5152,-129,2015
"48215",24515,20829,3686,2015
"48217",2197,3199,-1002,2015
"48219",2907,1998,909,2015
"48221",3384,3591,-207,2015
"48223",2512,2152,360,2015
"48225",1470,1639,-169,2015
"48227",3293,2383,910,2015
"48229",353,133,220,2015
"48231",8226,4674,3552,2015
"48233",1583,1236,347,2015
"48235",164,170,-6,2015
"48237",1267,860,407,2015
"48239",738,687,51,2015
"48241",1286,2339,-1053,2015
"48243",175,256,-81,2015
"48245",16227,13563,2664,2015
"48247",159,218,-59,2015
"48249",1924,1829,95,2015
"48251",9741,9587,154,2015
"48253",3843,1311,2532,2015
"48255",1220,1017,203,2015
"48257",9161,8747,414,2015
"48259",3560,2950,610,2015
"48261",5,15,-10,2015
"48263",87,20,67,2015
"48265",4081,2461,1620,2015
"48267",268,363,-95,2015
"48271",545,310,235,2015
"48273",2192,2166,26,2015
"48275",436,162,274,2015
"48277",2718,2643,75,2015
"48279",1109,1106,3,2015
"48281",1371,1252,119,2015
"48283",886,724,162,2015
"48285",1111,1124,-13,2015
"48287",1238,1455,-217,2015
"48289",728,1162,-434,2015
"48291",8855,5618,3237,2015
"48293",1617,1484,133,2015
"48295",357,205,152,2015
"48297",882,890,-8,2015
"48299",1374,1955,-581,2015
"48301",7,117,-110,2015
"48303",27575,19693,7882,2015
"48305",362,325,37,2015
"48307",457,270,187,2015
"48309",16706,14415,2291,2015
"48311",49,116,-67,2015
"48313",1607,1250,357,2015
"48315",859,585,274,2015
"48317",425,472,-47,2015
"48319",398,144,254,2015
"48321",1042,1532,-490,2015
"48323",2493,2471,22,2015
"48325",3168,2678,490,2015
"48327",187,159,28,2015
"48329",13058,10763,2295,2015
"48331",2006,2003,3,2015
"48333",242,243,-1,2015
"48335",1603,966,637,2015
"48337",1262,1727,-465,2015
"48339",39870,28544,11326,2015
"48341",1417,1651,-234,2015
"48343",1083,693,390,2015
"48345",97,178,-81,2015
"48347",6663,4744,1919,2015
"48349",2783,3330,-547,2015
"48351",941,687,254,2015
"48353",1267,1129,138,2015
"48355",24836,19027,5809,2015
"48357",533,441,92,2015
"48359",240,225,15,2015
"48361",5090,3872,1218,2015
"48363",2166,2183,-17,2015
"48365",1135,1385,-250,2015
"48367",9088,8234,854,2015
"48369",710,414,296,2015
"48371",1861,1486,375,2015
"48373",3756,3365,391,2015
"48375",11480,11971,-491,2015
"48377",391,439,-48,2015
"48379",737,719,18,2015
"48381",10304,10815,-511,2015
"48383",382,264,118,2015
"48385",385,191,194,2015
"48387",792,1170,-378,2015
"48389",2226,768,1458,2015
"48391",503,647,-144,2015
"48393",144,133,11,2015
"48395",946,930,16,2015
"48397",6015,7511,-1496,2015
"48399",311,773,-462,2015
"48401",7037,4325,2712,2015
"48403",445,477,-32,2015
"48405",421,598,-177,2015
"48407",2600,1535,1065,2015
"48409",5330,4940,390,2015
"48411",698,634,64,2015
"48413",77,191,-114,2015
"48415",1616,1348,268,2015
"48417",174,203,-29,2015
"48419",1265,1438,-173,2015
"48421",195,183,12,2015
"48423",16138,10666,5472,2015
"48425",498,597,-99,2015
"48427",1807,2441,-634,2015
"48429",1010,609,401,2015
"48431",62,25,37,2015
"48433",34,158,-124,2015
"48435",241,238,3,2015
"48437",777,651,126,2015
"48439",115130,92031,23099,2015
"48441",11357,10240,1117,2015
"48443",64,17,47,2015
"48445",1595,1047,548,2015
"48447",92,33,59,2015
"48449",1524,1557,-33,2015
"48451",12616,8933,3683,2015
"48453",93176,78993,14183,2015
"48455",1444,1046,398,2015
"48457",1894,1594,300,2015
"48459",3250,2337,913,2015
"48461",275,160,115,2015
"48463",1993,1834,159,2015
"48465",2784,4172,-1388,2015
"48467",2797,3644,-847,2015
"48469",5630,4870,760,2015
"48471",8988,8767,221,2015
"48473",4224,2487,1737,2015
"48475",679,728,-49,2015
"48477",2063,1972,91,2015
"48479",7781,6537,1244,2015
"48481",896,1368,-472,2015
"48483",518,464,54,2015
"48485",13055,10519,2536,2015
"48487",1060,817,243,2015
"48489",1933,1472,461,2015
"48491",51805,29997,21808,2015
"48493",2226,2335,-109,2015
"48495",809,204,605,2015
"48497",4667,4688,-21,2015
"48499",3612,2430,1182,2015
"48501",434,596,-162,2015
"48503",976,1288,-312,2015
"48505",458,528,-70,2015
"48507",949,1112,-163,2015
"49001",315,689,-374,2015
"49003",3913,3219,694,2015
"49005",10053,9015,1038,2015
"49007",1374,1398,-24,2015
"49009",68,12,56,2015
"49011",23807,23128,679,2015
"49013",980,1346,-366,2015
"49015",742,818,-76,2015
"49017",356,253,103,2015
"49019",513,858,-345,2015
"49021",4365,4184,181,2015
"49023",672,602,70,2015
"49025",563,620,-57,2015
"49027",932,515,417,2015
"49029",631,952,-321,2015
"49031",100,43,57,2015
"49033",181,315,-134,2015
"49035",56559,48355,8204,2015
"49037",956,1298,-342,2015
"49039",4005,2329,1676,2015
"49041",1564,1707,-143,2015
"49043",2756,2659,97,2015
"49045",4507,3722,785,2015
"49047",2753,2176,577,2015
"49049",45253,30978,14275,2015
"49051",2445,1763,682,2015
"49053",12435,10731,1704,2015
"49055",156,254,-98,2015
"49057",15409,14303,1106,2015
"50001",2853,2386,467,2015
"50003",2116,1606,510,2015
"50005",2253,1364,889,2015
"50007",11833,8589,3244,2015
"50009",376,484,-108,2015
"50011",2087,2231,-144,2015
"50013",464,598,-134,2015
"50015",1650,1465,185,2015
"50017",1754,2150,-396,2015
"50019",1225,1080,145,2015
"50021",2765,2606,159,2015
"50023",2989,3441,-452,2015
"50025",2625,2646,-21,2015
"50027",3292,3596,-304,2015
"51001",1381,1708,-327,2015
"51003",11846,10238,1608,2015
"51005",789,1190,-401,2015
"51007",571,996,-425,2015
"51009",2033,2129,-96,2015
"51011",321,970,-649,2015
"51013",30513,26682,3831,2015
"51015",3966,5320,-1354,2015
"51017",334,202,132,2015
"51019",4930,4392,538,2015
"51021",699,260,439,2015
"51023",1509,1915,-406,2015
"51025",1030,1205,-175,2015
"51027",759,1308,-549,2015
"51029",1007,1221,-214,2015
"51031",3254,4347,-1093,2015
"51033",2400,1926,474,2015
"51035",981,1596,-615,2015
"51036",286,757,-471,2015
"51037",367,620,-253,2015
"51041",20688,19545,1143,2015
"51043",813,1036,-223,2015
"51045",137,190,-53,2015
"51047",2650,3335,-685,2015
"51049",308,389,-81,2015
"51051",607,705,-98,2015
"51053",1329,2039,-710,2015
"51057",486,551,-65,2015
"51059",87948,80869,7079,2015
"51061",4621,3452,1169,2015
"51063",644,633,11,2015
"51065",2174,1510,664,2015
"51067",3548,2400,1148,2015
"51069",4918,6129,-1211,2015
"51071",794,1476,-682,2015
"51073",2101,2151,-50,2015
"51075",1407,2527,-1120,2015
"51077",516,825,-309,2015
"51079",1324,1394,-70,2015
"51081",1734,1047,687,2015
"51083",1149,1120,29,2015
"51085",6184,5928,256,2015
"51087",27108,19292,7816,2015
"51089",2480,2587,-107,2015
"51091",141,23,118,2015
"51093",2579,2752,-173,2015
"51095",6482,5201,1281,2015
"51097",385,152,233,2015
"51099",2580,2144,436,2015
"51101",1063,954,109,2015
"51103",580,681,-101,2015
"51105",1186,1223,-37,2015
"51107",26221,20243,5978,2015
"51109",2061,1885,176,2015
"51111",746,509,237,2015
"51113",1095,1277,-182,2015
"51115",271,733,-462,2015
"51117",1362,2016,-654,2015
"51119",584,645,-61,2015
"51121",14496,9025,5471,2015
"51125",613,543,70,2015
"51127",1682,1076,606,2015
"51131",479,865,-386,2015
"51133",553,204,349,2015
"51135",1568,1234,334,2015
"51137",3006,2688,318,2015
"51139",826,1244,-418,2015
"51141",1515,836,679,2015
"51143",3622,2952,670,2015
"51145",2480,1971,509,2015
"51147",2627,2191,436,2015
"51149",5529,4587,942,2015
"51153",35248,33707,1541,2015
"51155",1926,1576,350,2015
"51157",390,467,-77,2015
"51159",592,601,-9,2015
"51161",8066,7619,447,2015
"51163",1211,1518,-307,2015
"51165",4002,5806,-1804,2015
"51167",1139,1279,-140,2015
"51169",982,983,-1,2015
"51171",3248,1938,1310,2015
"51173",1244,1326,-82,2015
"51175",966,1730,-764,2015
"51177",8866,8199,667,2015
"51179",14831,12193,2638,2015
"51181",362,716,-354,2015
"51183",1852,1056,796,2015
"51185",2162,1827,335,2015
"51187",2484,1704,780,2015
"51191",4532,3200,1332,2015
"51193",1002,1302,-300,2015
"51195",2233,3281,-1048,2015
"51197",1124,1174,-50,2015
"51199",8618,6933,1685,2015
"51510",23923,20915,3008,2015
"51520",2275,1465,810,2015
"51530",761,393,368,2015
"51540",8375,6424,1951,2015
"51550",22050,19086,2964,2015
"51570",1560,1282,278,2015
"51580",812,256,556,2015
"51590",2953,3065,-112,2015
"51595",660,757,-97,2015
"51600",3293,4887,-1594,2015
"51610",2204,1721,483,2015
"51620",821,425,396,2015
"51630",6052,3850,2202,2015
"51640",628,459,169,2015
"51650",13146,14932,-1786,2015
"51660",11385,4996,6389,2015
"51670",1552,2148,-596,2015
"51678",1154,629,525,2015
"51680",10983,5783,5200,2015
"51683",3533,4331,-798,2015
"51685",2111,1270,841,2015
"51690",1297,1676,-379,2015
"51700",23106,18810,4296,2015
"51710",31610,24446,7164,2015
"51720",758,94,664,2015
"51730",3148,3029,119,2015
"51735",794,888,-94,2015
"51740",9195,11604,-2409,2015
"51750",4361,2439,1922,2015
"51760",24713,21382,3331,2015
"51770",8556,8540,16,2015
"51775",3613,2984,629,2015
"51790",2988,1458,1530,2015
"51800",6576,6971,-395,2015
"51810",40132,37134,2998,2015
"51820",2067,2069,-2,2015
"51830",3626,2299,1327,2015
"51840",3846,3475,371,2015
"53001",698,1882,-1184,2015
"53003",1853,1427,426,2015
"53005",12416,11285,1131,2015
"53007",3526,4561,-1035,2015
"53009",3930,4230,-300,2015
"53011",26797,24432,2365,2015
"53013",295,476,-181,2015
"53015",4520,7063,-2543,2015
"53017",2562,2718,-156,2015
"53019",653,724,-71,2015
"53021",6600,6319,281,2015
"53023",128,91,37,2015
"53025",5529,5611,-82,2015
"53027",4559,4592,-33,2015
"53029",8667,7362,1305,2015
"53031",2974,1757,1217,2015
"53033",137728,104179,33549,2015
"53035",21133,16617,4516,2015
"53037",6031,3283,2748,2015
"53039",718,844,-126,2015
"53041",5766,4260,1506,2015
"53043",598,823,-225,2015
"53045",5176,5037,139,2015
"53047",1738,1973,-235,2015
"53049",1292,1531,-239,2015
"53051",904,586,318,2015
"53053",58305,50501,7804,2015
"53055",1094,869,225,2015
"53057",8056,6809,1247,2015
"53059",640,518,122,2015
"53061",47326,39337,7989,2015
"53063",30102,20493,9609,2015
"53065",2712,2705,7,2015
"53067",23438,17635,5803,2015
"53069",169,355,-186,2015
"53071",5253,3939,1314,2015
"53073",12397,10647,1750,2015
"53075",10592,5098,5494,2015
"53077",7933,9456,-1523,2015
"54001",766,910,-144,2015
"54003",7831,4703,3128,2015
"54005",1166,701,465,2015
"54007",785,868,-83,2015
"54009",1247,1429,-182,2015
"54011",7672,4880,2792,2015
"54013",401,347,54,2015
"54015",220,441,-221,2015
"54017",913,295,618,2015
"54019",1174,3457,-2283,2015
"54021",1404,819,585,2015
"54023",367,641,-274,2015
"54025",1929,2487,-558,2015
"54027",1143,862,281,2015
"54029",2040,1819,221,2015
"54031",538,832,-294,2015
"54033",2682,3128,-446,2015
"54035",1338,884,454,2015
"54037",4025,3602,423,2015
"54039",8233,8909,-676,2015
"54041",1001,791,210,2015
"54043",963,749,214,2015
"54045",1164,1668,-504,2015
"54047",746,1242,-496,2015
"54049",2892,2416,476,2015
"54051",943,1234,-291,2015
"54053",1252,1010,242,2015
"54055",2573,3609,-1036,2015
"54057",779,1372,-593,2015
"54059",815,1327,-512,2015
"54061",11066,7647,3419,2015
"54063",653,679,-26,2015
"54065",1038,1066,-28,2015
"54067",1042,858,184,2015
"54069",2562,2489,73,2015
"54071",170,333,-163,2015
"54073",842,379,463,2015
"54075",491,554,-63,2015
"54077",1697,1439,258,2015
"54079",1580,3803,-2223,2015
"54081",4869,3975,894,2015
"54083",1313,918,395,2015
"54085",239,609,-370,2015
"54087",680,610,70,2015
"54089",1130,273,857,2015
"54091",733,861,-128,2015
"54093",312,611,-299,2015
"54095",405,548,-143,2015
"54097",1398,1244,154,2015
"54099",1656,2734,-1078,2015
"54101",379,483,-104,2015
"54103",422,545,-123,2015
"54105",53,321,-268,2015
"54107",3732,4337,-605,2015
"54109",384,716,-332,2015
"55001",1363,1505,-142,2015
"55003",931,1037,-106,2015
"55005",2195,2235,-40,2015
"55007",745,963,-218,2015
"55009",11892,13202,-1310,2015
"55011",650,691,-41,2015
"55013",831,978,-147,2015
"55015",2160,3518,-1358,2015
"55017",4027,3827,200,2015
"55019",1120,2127,-1007,2015
"55021",3200,4162,-962,2015
"55023",1138,1244,-106,2015
"55025",37947,26718,11229,2015
"55027",5762,5134,628,2015
"55029",1185,1250,-65,2015
"55031",2843,2778,65,2015
"55033",5212,3104,2108,2015
"55035",8540,6591,1949,2015
"55037",346,286,60,2015
"55039",4788,5366,-578,2015
"55041",336,581,-245,2015
"55043",4474,2923,1551,2015
"55045",2098,2107,-9,2015
"55047",1155,1364,-209,2015
"55049",1159,1457,-298,2015
"55051",397,283,114,2015
"55053",1556,1177,379,2015
"55055",5725,4184,1541,2015
"55057",1760,1450,310,2015
"55059",10187,9053,1134,2015
"55061",678,1390,-712,2015
"55063",9129,7336,1793,2015
"55065",853,915,-62,2015
"55067",1102,1131,-29,2015
"55069",1362,1219,143,2015
"55071",2015,2972,-957,2015
"55073",5914,5672,242,2015
"55075",1757,1977,-220,2015
"55077",974,1058,-84,2015
"55078",192,391,-199,2015
"55079",41226,41038,188,2015
"55081",2350,2664,-314,2015
"55083",1382,2028,-646,2015
"55085",1520,2543,-1023,2015
"55087",10224,9567,657,2015
"55089",4919,5107,-188,2015
"55091",343,548,-205,2015
"55093",4616,2557,2059,2015
"55095",1988,2218,-230,2015
"55097",5608,4121,1487,2015
"55099",739,882,-143,2015
"55101",7729,9690,-1961,2015
"55103",996,1039,-43,2015
"55105",7050,7595,-545,2015
"55107",752,722,30,2015
"55109",4956,5039,-83,2015
"55111",3007,3138,-131,2015
"55113",766,870,-104,2015
"55115",2180,1902,278,2015
"55117",5111,4488,623,2015
"55119",776,626,150,2015
"55121",1214,1557,-343,2015
"55123",1008,1512,-504,2015
"55125",1142,1169,-27,2015
"55127",7646,5319,2327,2015
"55129",764,900,-136,2015
"55131",6131,6829,-698,2015
"55133",21509,20285,1224,2015
"55135",3012,2288,724,2015
"55137",1466,1427,39,2015
"55139",11817,11147,670,2015
"55141",3295,3254,41,2015
"56001",5949,4822,1127,2015
"56003",947,892,55,2015
"56005",4466,2991,1475,2015
"56007",1255,1917,-662,2015
"56009",1056,760,296,2015
"56011",586,495,91,2015
"56013",2650,3450,-800,2015
"56015",1225,951,274,2015
"56017",555,261,294,2015
"56019",388,324,64,2015
"56021",7095,8232,-1137,2015
"56023",1644,1329,315,2015
"56025",5671,5477,194,2015
"56027",213,297,-84,2015
"56029",1915,2574,-659,2015
"56031",989,746,243,2015
"56033",2631,1660,971,2015
"56035",1303,903,400,2015
"56037",3783,3839,-56,2015
"56039",1824,2540,-716,2015
"56041",1828,1501,327,2015
"56043",339,641,-302,2015
"56045",513,656,-143,2015
"72001",163,1053,-890,2015
"72003",899,993,-94,2015
"72005",2667,1762,905,2015
"72007",191,1420,-1229,2015
"72009",156,921,-765,2015
"72011",424,886,-462,2015
"72013",2917,2479,438,2015
"72015",499,1163,-664,2015
"72017",966,1250,-284,2015
"72019",296,1002,-706,2015
"72021",7929,10278,-2349,2015
"72023",191,2145,-1954,2015
"72025",5562,6585,-1023,2015
"72027",282,1194,-912,2015
"72029",2869,2955,-86,2015
"72031",8196,12091,-3895,2015
"72033",989,1740,-751,2015
"72035",1585,1436,149,2015
"72037",572,761,-189,2015
"72039",211,454,-243,2015
"72041",935,1735,-800,2015
"72043",1123,1210,-87,2015
"72045",371,548,-177,2015
"72047",382,1006,-624,2015
"72049",23,310,-287,2015
"72051",1159,2306,-1147,2015
"72053",2260,1868,392,2015
"72054",293,675,-382,2015
"72055",260,326,-66,2015
"72057",1442,2336,-894,2015
"72059",406,688,-282,2015
"72061",4709,5276,-567,2015
"72063",2844,1624,1220,2015
"72065",280,1125,-845,2015
"72067",917,507,410,2015
"72069",1651,3211,-1560,2015
"72071",574,1795,-1221,2015
"72073",291,1159,-868,2015
"72075",1997,1966,31,2015
"72077",904,2331,-1427,2015
"72079",184,622,-438,2015
"72081",366,1460,-1094,2015
"72083",281,270,11,2015
"72085",1280,2367,-1087,2015
"72087",1197,916,281,2015
"72089",1329,862,467,2015
"72091",1742,1962,-220,2015
"72093",228,140,88,2015
"72095",299,606,-307,2015
"72097",4778,3594,1184,2015
"72099",1114,1697,-583,2015
"72101",498,1598,-1100,2015
"72103",651,1634,-983,2015
"72105",428,626,-198,2015
"72107",387,594,-207,2015
"72109",374,641,-267,2015
"72111",579,761,-182,2015
"72113",5223,6037,-814,2015
"72115",176,690,-514,2015
"72117",269,639,-370,2015
"72119",2679,3468,-789,2015
"72121",570,793,-223,2015
"72123",1028,1708,-680,2015
"72125",889,1054,-165,2015
"72127",16201,24334,-8133,2015
"72129",580,1642,-1062,2015
"72131",916,1748,-832,2015
"72133",600,867,-267,2015
"72135",2210,2844,-634,2015
"72137",3082,5365,-2283,2015
"72139",2219,3952,-1733,2015
"72141",1089,1355,-266,2015
"72143",731,1144,-413,2015
"72145",712,2486,-1774,2015
"72147",41,663,-622,2015
"72149",683,1292,-609,2015
"72151",1220,2291,-1071,2015
"72153",541,1539,-998,2015
